0 5.06731 9.64101 58.4628 16.1475 65.7815 232.298 1491.53 3117.03 4495.65 7472.21 9965.82 14270.7 11682.1 8110.9 8881.48 11504.5 17068.4 8311.69 3758.54 4431.15 6812.37 5957.63 7715.12 11900.6 16621.9 18851.4 21496.3 7172.58 3153.37 4984.4 5249.57 2439.9 3969.46 7467.49 4292.83 5752.7 6937.58 12629.9 14048.7 17173.2 6464.15 4237.52 6933.45 5964.88 3400.27 3922.78 4763.45 3837.69 8273.54 9936.47 8569.88 7670.87 7055.94 10489.2 12242.7 14058.7 7168.28 4193.7 5988.44 7126.48 3517.6 5088.8 5560.43 3471.45 5383.2 7832.49 5072.21 10210.1 18058.8 24206.3 11286 5565.83 8909.58 5464.6 3427.66 4934.2 5738.54 5422.12 6369.27 7918.69 13884 22849.3 28361.7 18214.6 7162.12 4847.77 5881.74 3677.63 2723.27 3790.28 2511.94 3026.85 4222.33 4531.46 6169.07 12642.3 20233.7 13919.8 6670.03 8069.96 3658.87 3175.89 3557.66 2741.16 3097.7 7051.1 12057.8 9362.25 13025.8 14604.8 16957.1 20504.3 27744.8 7177.41 3375.57 6021.81 4682.81 2533.61 4026.58 6632.9 7379.43 9089.81 11234.9 11924.8 13321.3 13638.9 2821.66 3649.13 8461.85 6079.28 2201.18 1047.32 
5.06731 0 4.78139 44.8876 13.7487 50.2445 205.493 1435.71 3073.9 4555.15 7670.25 10179 14436.6 11820.3 8278.95 9039.4 11665.9 17256 8408.42 3737.43 4339.39 6685.05 5907.98 7670.72 11763.6 16370.4 18617.8 21301.4 7110.89 3196.46 5035.6 5300.56 2408.99 3899.06 7358.93 4271.44 5733.71 6851.73 12398.8 13824.1 16975.3 6382.98 4274.79 7000.52 6026.41 3412.32 3916.47 4763.82 3967.62 8465.72 10149.2 8759.38 7828.43 7167.87 10625.7 12364.1 14167.8 7209.52 4139.45 5948.45 7088.49 3580.76 5169.76 5597.83 3404.53 5316.75 7818.48 5191.45 10424.1 18307 24492.1 11440.8 5582.51 8900.86 5436.9 3456.99 4973.08 5746.02 5354.24 6363.9 8033.11 14168.8 23171.8 28698.6 18480.3 7275.61 4848.88 5851.94 3658.14 2727.12 3814.24 2506.81 2980.14 4246.5 4633.7 6341.3 12846 20505.5 14133.9 6665.3 8055.22 3695.17 3241.97 3613.35 2771.32 3003.8 6905.06 11870.7 9278.9 12969.7 14524.5 16720.1 20280.6 27507.1 7089.02 3410.61 6095.87 4749.55 2514.57 3950.05 6515.06 7343.22 9059.05 11152.9 11730.4 13146.9 13485.3 2805.38 3712.41 8602.42 6203.41 2240.18 1046.22 
9.64101 4.78139 0 47.7517 9.60469 55.0065 203.383 1404.69 3004.75 4535.34 7754.13 10366.6 14603.6 11913.3 8362.67 9105.11 11718.7 17291.1 8437.43 3734.63 4288.5 6653.5 5842.32 7644.1 11705.8 16256.2 18509.4 21266.4 7125.35 3210.81 5029.52 5272.83 2397.51 3877.32 7363.95 4274.74 5748.1 6805.98 12316.8 13746 16952.4 6377.15 4289.77 7004.06 6020.84 3432.05 3940.16 4839.03 4016.42 8556.44 10220.7 8867.12 7919.79 7242.21 10696.4 12442.9 14201.8 7202.89 4119.11 5947.28 7133.28 3602.44 5200.2 5569.26 3357.09 5299.83 7889.75 5313.71 10546.7 18395.2 24550.2 11486.4 5555.28 8929.98 5458.1 3441.43 4942.74 5699.6 5329.67 6371.35 8171.13 14351.1 23350.1 28813.1 18568.4 7311.05 4808.34 5827.92 3653.25 2710.69 3765.28 2460.48 2966.74 4300.19 4763.75 6479.59 12927.6 20552.7 14209.8 6615.16 8038.24 3708 3238.42 3584.64 2727.28 2972.58 6849.64 11826.7 9184.61 12903.6 14422.9 16605.2 20196.4 27484.2 7083.98 3424.37 6085.34 4743.46 2525.96 3934.34 6514.38 7278.95 9009.9 11059.2 11652.2 13102.3 13492 2817.87 3719.71 8598.61 6235.91 2285.61 1050.58 
58.4628 44.8876 47.7517 0 64.5633 10.6085 215.9 1464.22 3144.92 4565.13 7861.23 10580 14914.3 12143.1 8712.18 9601.31 12354.1 18149.2 8767.57 3656.37 4057.83 6264.15 5894.55 7671.55 11648.5 15703.8 17860.7 20535.2 6866.04 3532.34 5521.92 5747.19 2265.18 3586.44 6844.1 4267.57 5870.44 6795.4 11694 12993.5 16121.7 6158.6 4638.92 7502.45 6405.47 3267.32 3574.46 4406.75 4402.93 9118.84 10863.5 9045.46 8008.04 7220.76 11009.1 12931.8 14888 7489.87 3877.83 5590.2 6731.02 3925.48 5725.59 6062.19 3147.19 4712.14 7157.92 5207.56 11147.2 19157.6 25497.8 11873.8 5617.51 8710.48 5392.95 3860.67 5419.9 6040.31 4923.42 5908.88 7857.48 14921.6 24228.8 29922.6 19268.7 7628.09 4941.12 5731.69 3669.39 3047.82 4235.28 2582.38 2593.27 3842.43 4464.34 6851.49 13612.2 21405.2 14672.5 6676.81 7897.82 3911.93 3755.46 4141.64 3095.3 2589.37 6318.5 11135.7 9169.95 13057.5 14679.3 16050.8 19493.7 26551 6879.83 3750.18 6567.64 5064.32 2319.17 3570.23 5983.89 7437.55 9243.88 11192.6 11070.6 12414.7 12711.8 2836.44 4155.37 9291.86 6662.88 2356.36 1105.85 
16.1475 13.7487 9.60469 64.5633 0 61.1528 199.231 1407.28 2983.92 4505.38 7730.66 10459.7 14900.9 12206.5 8528.3 9222.09 11836.9 17410.9 8553.64 3766.21 4204.9 6527.58 5633.24 7479.93 11555.3 16129.4 18291 21018.2 6983.4 3168.04 5021.35 5255.37 2380.28 3782.88 7229.46 4104.36 5638.84 6744.96 12189.9 13551.9 16735.6 6205.41 4265.98 7049.07 6045.91 3474.75 3910.28 4805.09 3986.24 8702.45 10363 9057.46 8029.97 7266.09 10667.8 12462.6 14259.3 7263.56 4098.28 5863.21 7021.48 3511.31 5261.73 5637.69 3381.61 5271.16 7845.4 5302.22 10653.3 18575.7 24639.8 11563.3 5462.2 8794.25 5315.8 3390.88 4960.5 5676.61 5329.05 6292.7 8139.39 14461.3 23623.2 29036.1 18735.4 7326.48 4651.76 5645.01 3531.65 2674.11 3777.74 2455.25 2932.18 4261.65 4766.68 6573.72 13142.2 20702.5 14294.4 6469.83 7851.07 3562.5 3187.23 3583.95 2710.26 2943.2 6720.33 11631.2 8891.79 12617.6 14200.7 16440.6 19944.7 27216.7 6918.77 3448.07 6147.06 4754.66 2516.21 3839.79 6378.49 7030.83 8833.58 10884 11496.1 12905.3 13312 2705.57 3721.06 8616.54 6225.29 2269.92 1047.7 
65.7815 50.2445 55.0065 10.6085 61.1528 0 184.121 1412.28 3110.49 4622.43 7978.56 10764.6 15242.5 12486.4 8988.05 9844.59 12630.2 18465.2 8971.62 3694.58 3949.19 6095.85 5671.63 7487.69 11457.3 15528 17656.6 20296.9 6717.1 3508.63 5591.83 5848.17 2265.1 3485.12 6672.08 4078.41 5722.44 6692.97 11498.6 12729.9 15842.7 5954.58 4647.98 7647.99 6550.62 3321.33 3555.49 4373.45 4412.69 9330.62 11160.8 9359.12 8236.54 7346.32 11102.3 13057.1 15086.5 7652.76 3891.69 5546.78 6627.26 3846.93 5808.21 6197.21 3162.95 4651.7 7095.72 5219.48 11316.4 19476 25852.8 12115.7 5639.26 8638.61 5235.06 3809.39 5505.3 6111.12 4893.25 5859.4 7878.8 15125.3 24646.7 30402 19633.3 7778.09 4879.48 5601.5 3546.42 3009.37 4305.15 2631.09 2548.18 3830.34 4491.2 6973.17 13903.3 21791.4 14967.4 6636.33 7780.23 3789.62 3709.04 4213.93 3187.85 2534.18 6134.02 10847.9 8813.86 12730.9 14454.4 15840.4 19237.8 26221.8 6666.23 3782.56 6725.72 5191.13 2302.2 3438.83 5761.78 7135.13 9024.64 11022.7 10874.8 12185.6 12455.6 2676.73 4154.92 9437.27 6767.08 2334.94 1083.81 
232.298 205.493 203.383 215.9 199.231 184.121 0 733.487 2398.53 4534.01 8432.95 11627.6 16376.8 13477.7 9191.62 9475.51 12104.3 17772.3 8583.84 3512.8 3844.28 6307.24 6116.47 8232.09 12055.3 15743 17573.6 20201.9 6489.86 3117.76 5217.97 5515.73 2233.17 3537.58 7032.31 4579.16 6380 7231.76 11864.2 12824.2 15904.9 5718.44 4151.95 7096.44 6073.34 3239.34 3559.17 4500.26 4275.03 9268.11 11242.8 10227.4 9053.97 7596.89 10640.5 12429.2 14368 7148.46 3668.05 5393.56 6548.16 3508.44 5378.5 5616.29 2835.84 4792.09 7630.04 5559.86 11235.1 19247.8 25412.1 11962.5 5446.34 8528.42 4975.54 3308.99 4831.93 5235.7 4615.96 6011.43 8342.83 15456.1 24942.6 30444.2 19710.6 7664.94 4658.39 5419.13 3290.33 2622.78 3844.48 2327.67 2677.56 4414.33 5253.74 7327.45 13960.7 21801 15076.5 6401.07 7638.59 3509.67 3325.77 3882.76 3016.15 2685.1 6171.97 10999.9 9136.73 13550.9 15101.5 16141.9 19189.3 26291.7 6508.07 3445.23 6365.42 4932.06 2293.85 3413.4 6019.74 7528.01 9665.1 11585.9 11323.2 12438.9 12858.4 2858.03 4210.32 9400.94 7072.96 2896.08 1555.06 
1491.53 1435.71 1404.69 1464.22 1407.28 1412.28 733.487 0 972.565 4376.13 9995.29 14475.8 20222.3 16858.7 10756.8 9608.8 11741.4 17145.3 8353.01 3592.35 4095.93 7053.84 8063.5 10987.7 14613.1 16865.9 17698.4 20160 6484.6 2981.84 5121.37 5616.29 2762.97 4208.88 8230.7 6599.16 9120.55 9509.54 13238.7 13328.5 16218.3 5814.11 3802.84 6533.69 5638.46 3385.01 3842.72 4927.64 4795.19 10031.5 12302.8 12764.4 11770.9 9050.12 10496.1 11636.2 13470.9 6559.57 3447.2 5341.35 6617.68 3541.9 5260.58 5066.49 2353.15 4853.01 8602.51 6855.44 12202.8 19787 25652.5 12236.2 5582.1 8753.87 5030.92 3044.32 4095.43 3918.08 3739 6118.92 9600.96 17373.2 27049.2 32094.4 21073.3 8088.66 4930 5792.11 3434.86 2519.2 3562.27 2233.82 3054.94 5806.21 7522.9 9410.07 15366.4 23054.4 16378.1 6622.32 7927.3 3821.07 3442.3 4030.27 3487.92 3577.17 6746.69 11615 10659.4 16733.2 18149.2 17532.6 19429.3 26459.4 6671.59 3363.88 6227.33 5131.41 2868.43 3883.52 6905.04 9428.8 12473 14168.9 12922.2 13431.3 14067.7 4151.22 5509.51 10553.9 8844.65 5149.41 3492.09 
3117.03 3073.9 3004.75 3144.92 2983.92 3110.49 2398.53 972.565 0 2688.28 9762.49 16528 23983 19999.4 11955 9827.37 11369.4 16335.1 8350.79 4327.95 5175.77 8291.97 9393.95 13086.7 17324.3 19442.5 19324.5 21382.7 7302.76 3109.84 4840.95 5541.93 3826.31 5608.79 10090.8 8339.1 11434.6 11964.8 15846.4 15162.5 17803.4 6768.09 3895.92 6038.56 5181.66 3755.49 4415.53 5579.79 4717.18 10178.2 12469.2 13926 13229.3 10098.1 10488.2 10898.9 12429.8 6210.07 3872.02 5743.38 7187 3545.55 5187.52 4847.74 2639.96 4950.7 9032.94 7516.63 12654.9 19598.9 24965.2 12073.3 5447.54 9157.85 5562.05 3026.65 3604.71 3223.46 3443.19 5509.16 9827.9 18178.7 28230.3 32691.4 21665.9 8118.21 4898.5 6405.79 4219 2714.44 3305.94 2336.2 3558.77 6409.66 9087.88 11267.1 16560.8 23200.9 16875.7 6924.61 8258 4142.84 3508.4 3916.36 3822.16 5334.76 8582.62 13353.6 11826.4 18713.2 20759.3 20134.2 20932.7 28165.8 7583.92 3508.11 5912.88 5181.65 4032.68 5268.9 8508.63 10684.1 14465 16563.3 15391.6 15433.2 16420.6 5811.61 6655.34 11072.1 9856.45 7173.8 5358.32 
4495.65 4555.15 4535.34 4565.13 4505.38 4622.43 4534.01 4376.13 2688.28 0 3797.67 12331.6 22531.4 18516.8 9699.58 8297.65 10309.9 15298.6 8006.6 5094.32 7324.6 10353.6 11139.5 14371.1 20099.8 23334.2 22634.3 23123.7 8166.53 4181.24 5657.26 6220.1 4804.53 6978.96 11485.1 9862.26 12696.2 14358 19582 18376.4 19746.5 8470.68 5028.74 6614.45 5407.62 3445.53 3568.43 4297.54 3786.85 8358.11 10276.7 10416.1 9279.82 7019.36 8399.46 9850.35 11876.2 6336.66 4599.51 5407.22 6537.36 3976 5881.64 6338.07 4458.74 4758.74 6286.07 4738.09 10700 16813.8 21523 10005.8 4902.21 8091.92 6396.35 4588.15 4964.52 4836.06 4203.66 3637.82 5256.69 13591.5 24490.5 29164.8 19101 7001.77 4916.4 6412.37 5514.14 4815.5 5038.66 3652.94 3976.9 3942.9 5871.29 9775.62 15520.1 20219 13312.3 6984.81 7943.35 4440.74 4689.84 5023.51 4754.91 7087.97 11282.8 16277.3 15070.9 20849.4 23517.6 24136.3 23426.4 30265.3 9727.13 4676.35 6309.21 5269.48 4597.1 6690.31 10548.4 13358.3 16372.2 19242.5 18424.3 17067 17917.7 7855.79 8013.69 11182.8 9127 7520.73 6594.78 
7472.21 7670.25 7754.13 7861.23 7730.66 7978.56 8432.95 9995.29 9762.49 3797.67 0 4790.42 16870 15946.8 8472.65 7765.75 10129 15164.7 9682.46 8578.37 12202.4 15401.4 15051.9 16194.1 22591.9 28711.8 28953 28665.8 11665.2 6783.9 8276.26 8683.33 8449.85 11055.6 15366.8 12618.8 14275.3 17078.2 25367.7 25278.1 25677 12657.7 7584.34 9152.21 8165.27 6900.95 6701.43 6426.31 4666.33 7417.34 8585.51 8258.79 7081.89 6197.54 7558.75 9933.97 12805.9 8847.62 8903.41 9141.47 9211.12 5760.15 7620.54 9416.55 10168.8 10168.8 8599.11 3696.78 8851.78 15495.7 19227.7 10097.4 7927.51 9931.52 9268.96 7848.02 8516.73 9296.37 9957.75 7475.27 4219.32 8125.78 18800.4 24472.7 16976.2 8172.96 8277.84 9276.91 8149.78 8357.61 8920.96 8056.17 8752.08 6061.62 4432.57 6954.02 14375.9 18372.7 11121.5 9833.3 10715.6 6632.94 7168.11 7718.35 7411.01 11499.5 17029.3 22880.3 20732 23893 25765 29777.2 29456 35730.4 13909.8 7674.75 8848.8 7725.99 8212.57 11110.4 15534.9 17854.6 18827 21990.1 23583.7 21761.6 21815.1 10844 10498.7 12385.7 9453.19 8534.37 9175.76 
9965.82 10179 10366.6 10580 10459.7 10764.6 11627.6 14475.8 16528 12331.6 4790.42 0 6558.14 10486.4 9313.32 9968.31 11776.6 16759.2 12848.8 12913 17258.9 20011.1 18887.7 17767.5 22901.9 31597.7 34519.9 35318.3 17146.4 10117.1 11215 12070.2 12986.5 16244.5 19871 14991.6 14755.7 17845.6 28692.5 31484.5 32689.7 18220.3 10651.4 12242.9 12310.4 12388.7 13048.5 11867 8018.29 8122.12 8586.58 7954.35 8236.51 9821.31 11130.6 12390.5 15356.1 12933.7 14580.8 15894.9 15351.9 9257.32 9158.31 11973.3 15723.5 17678.4 15379.9 6592.06 8491.87 16758.9 22045.3 13827.6 13856.9 15326.4 13617 11178.3 12392 14739.7 17476.4 15386.6 9194.94 7476.78 14744.1 21624.2 17393.4 11867.8 14320.4 15398 12111.5 10788.4 12087.8 12863.7 14842.5 11991.6 7317.23 4854.85 12285.6 19309.7 13601.4 15410.4 16392.2 10893 10160.2 10546.1 10551.2 15649.9 22390.9 29060.7 25652.7 25737.6 25939.4 32745 35728.9 42351.4 18311.4 10240.4 12023.5 11771.7 13279.3 16907.6 20574.4 21290.4 20009 22750.7 26961.6 27237.1 26692.8 13123.9 11849.5 14262.5 11396.8 9691.95 10575.9 
14270.7 14436.6 14603.6 14914.3 14900.9 15242.5 16376.8 20222.3 23983 22531.4 16870 6558.14 0 3346.34 11228.9 15827.3 17320.8 21323.3 18362.2 18889.3 23848 26554.9 24453.3 22030.2 25822.1 35450.9 41315.9 43907.3 25902.6 17297.4 16390.1 17263.5 19226.5 22880 26367.6 19884.3 16913.9 19413.6 32845 38856.3 41888 27432.5 17325.4 17279.4 18396.6 19957.9 21795.4 21434.2 16655.1 13010.8 11939.1 10435.8 11169 15996.6 19755.2 20015.6 20925.8 19105 22006.7 24564.2 25413 18235.7 14051.8 15914.1 22364.6 26710.2 25901.4 16106.1 13549.3 20488.8 28331.8 20922.8 21745.3 24557.2 22678.8 17675 17942.2 21945.2 26762.4 25895.9 19560.4 14368.7 16069.1 21727.8 20901.8 18594.7 22618.6 24873.9 21055.9 16650 16279.7 18954.5 22861.5 20913.1 16174.4 9828.88 12522.1 21146 19353.7 23362 25298.5 19513.6 16892.8 15496.7 15773.1 21780.4 28884.9 36416.6 32632.4 29802.4 27371.2 36631.3 43756.9 52126.1 26987.5 15358.6 16433 17866.6 20263.3 24531.3 28141.9 27143.7 22820.3 24640.4 31677.6 34750.8 34820.6 19054.7 14363.4 16267.8 15556.9 14005.5 13439.6 
11682.1 11820.3 11913.3 12143.1 12206.5 12486.4 13477.7 16858.7 19999.4 18516.8 15946.8 10486.4 3346.34 0 5978.66 12859.3 15603 20018.8 16652.4 16336.2 21040.7 24725.8 22929.3 20627.4 24338.5 32565.4 38062.1 40748.4 23364 15685.9 14561 14927.6 16278.5 19187.1 23215.2 17780.5 15030.4 16767 29814.6 35672.9 39064.6 25633.6 15865.4 15099.6 15802.9 16735 17978 18662.4 15550.7 12395.7 11386.2 9202.29 7176.56 10472.7 16432.5 18544.8 19415.3 16742.2 18777.2 20724.2 22697.6 17497.5 13188.2 13641 18953.3 22591.3 22061.6 14451.1 12992.5 18782.4 27246.4 19603.1 18713.2 22238.4 21537.2 16327.6 15490.1 19166.7 22992.6 21724 16667.9 13790.9 16527 22031.3 20579 16792.8 19212.7 21987.7 20029.3 15983.9 14068.5 15854.6 19259.2 17359.2 14798.8 11079.3 12688.4 19856.9 18064.8 20144.5 22159.7 17337.6 15274.5 13464.6 13652.3 19236.6 25485.9 33096.8 30596.8 28641.7 25383.4 33809.4 41306.5 50463.9 26450.7 14063.1 13883.9 15296.7 17031.1 20918.4 25793.7 25939.7 21243.7 22209.5 28946.5 32071.7 32949.7 18374.2 12771.1 13261 13146.1 12617.5 11034.4 
8110.9 8278.95 8362.67 8712.18 8528.3 8988.05 9191.62 10756.8 11955 9699.58 8472.65 9313.32 11228.9 5978.66 0 2770.4 5692.92 10049.8 8294.56 10835.3 17402.9 22872.3 22261.2 22060.1 27932 36056.3 38627.9 39840 18610.9 8590.04 8566.69 9090.46 11419.9 15442.9 21410.1 16160.5 16086.1 19128.5 32597.2 35522 37742.6 20904 8865.65 7826.92 8039.1 9272.38 11537.9 12272.6 7184.16 5350.16 5924.53 5906.32 4318.05 4178.1 6507.04 9187.46 11270.7 9619.61 13215.2 14964.5 16924.5 10173 7219.24 8463.25 13586.5 17252.9 17261.2 7636.35 5293.25 10207.5 16552.4 11018.7 12944.6 17736.7 16962.3 10802.3 8977.08 11087.1 15509.5 14730.4 9370.16 5113.07 10016.1 15964.4 13088.4 9602.16 13666.5 17192.9 15036.8 11521.1 9600.38 10260.8 14032.5 12438.8 10049.7 6567.62 8864.19 13843.5 10815.3 15585.2 18065.6 11472.2 8917 8052.61 8831.76 16683.1 24168.7 32437 29633.2 31458.9 30078.1 37387.6 41603.8 51202.2 23145.5 8503.04 7394.04 7881.34 11124.3 16500.7 23208.2 24848.1 23250.2 25658.8 30936.9 31917 32763.5 15115.4 8823.56 7430.15 6952.61 9189.51 9241.91 
8881.48 9039.4 9105.11 9601.31 9222.09 9844.59 9475.51 9608.8 9827.37 8297.65 7765.75 9968.31 15827.3 12859.3 2770.4 0 1185.02 4361.35 4278.98 8761.75 16399.1 22057.3 22560.9 24627.8 31402.7 38431.3 38934.1 39340.7 17002.3 5571.09 5654.26 6577.28 10753.6 15665.4 22315.8 17296.4 18935.1 22474 35475.8 36560.8 37629 18916.2 5233.68 4097.65 4776.63 7930.96 10991.3 11498.9 5147.28 3484.57 4504.33 7557.81 8143.33 6811.31 4237.89 4558.83 6300.07 6198.54 11686.1 13898.7 15552.5 7296.55 4637.82 6281.39 12896.7 17815.1 18812.9 8152.99 3727.32 7339.9 11699.1 7568.59 11573.8 16484.4 15297 8366.11 6108.65 7348.77 13617.7 14067.9 9582.27 4284.47 8808.28 13305.7 10787 7543.13 13220.4 16637.4 13206.7 9371 7868.45 9245.07 14471.7 13888.2 11584.4 6388.49 7769.57 11598.6 8804.55 15231.8 17959.7 10748.7 7230.39 6346.38 7492.44 17442.8 25406.7 33643.7 30654.6 35234.3 34423.1 40144.8 41374.6 50474.5 20945.8 5598.92 4487.65 5402.39 10618.8 16532.1 23320.3 25683.9 26565.5 29573.5 33488.7 32701 33325.3 14112.1 7551.24 5962.89 6085.39 9879.69 10759.8 
11504.5 11665.9 11718.7 12354.1 11836.9 12630.2 12104.3 11741.4 11369.4 10309.9 10129 11776.6 17320.8 15603 5692.92 1185.02 0 1578.16 3258.59 9646.28 18220.9 24107.9 24860.2 27445.7 34574.1 41336.8 41443.8 42132.2 19372.8 6383.79 4817.2 5858.16 12523.7 18456.1 25645.2 19936.9 21506.2 24984.1 38716.4 39968.5 41183.4 21544.7 5601.17 2846.42 4104.2 9860.51 14006.9 14596.9 6815.72 3262.32 4031.92 9691.71 12047.9 11058.4 6196.09 3722.6 3846.41 5322.67 13333.2 16404 18342.7 8745.76 4146.09 5499.46 14856 21475.1 23302.2 11476 4509.89 5965.64 9879.65 7965.03 13436.5 18683.9 17456.4 9141.71 5561.66 6983.43 15746.4 16855 12574.9 6058.72 8070.97 10972.7 10449.1 8661.48 15729.5 19732.8 15568.6 10042.6 7570.17 10408.2 17703.8 18011.8 15835.5 8528.03 7272.28 10362.8 9574.9 17950.7 20980.9 13200.6 8485.56 6268.09 7883.7 20535 29165.1 37719.8 34030.1 38602.8 37228.7 42991 43668.7 53457.1 23054.1 5797.34 3362.29 5293.03 13162.5 19828.1 26685.9 28298.1 29242.8 32350.2 36681.3 35837.4 36957 16156.1 7827.42 5097.37 6615.92 12027.7 13167.4 
17068.4 17256 17291.1 18149.2 17410.9 18465.2 17772.3 17145.3 16335.1 15298.6 15164.7 16759.2 21323.3 20018.8 10049.8 4361.35 1578.16 0 3830.8 13030.2 23292.8 29796.2 30855.1 34870.4 42628.3 48919.2 48039.7 48552 24910.2 10478.2 6906.46 7014.87 16835.7 24098.8 32227.6 25879.6 27647.7 31462.3 46427.5 47410.5 48458.4 27515.8 9314.67 4307 5425.28 14344.5 19910 20970.8 11745.7 5487.82 4576.38 13198.7 17496.2 17181.6 10073.7 5608.5 3099.3 6269.03 17702.9 21771.5 24332.3 13557 7269.4 7403.92 20274.7 28855.7 31322.6 17811.7 7422.44 5103.95 7035.71 9013.23 17573.2 23613 22960.3 13403.1 8037.72 9013.75 21182.8 22916.3 18261.7 9405.78 8486.48 7651.18 9570.82 10925.4 20480 25595.7 21432 14853.2 10281.6 14219.3 24187.8 25121.9 23068 13592.7 8044.41 8216.23 10311 22929.9 26908.9 18617.4 12875 9080.11 10586.8 26971.4 36569.2 45681.4 41413.8 46724.5 44204.2 50569.8 50058.1 60525.9 28922.2 9534.9 4760.82 6991.31 18167.9 26251.3 33822.5 35101.2 36215.2 39298 44397.8 42807.3 44538.5 21722.4 10962 5989.53 8839.34 16931.1 18524.7 
8311.69 8408.42 8437.43 8767.57 8553.64 8971.62 8583.84 8353.01 8350.79 8006.6 9682.46 12848.8 18362.2 16652.4 8294.56 4278.98 3258.59 3830.8 0 4132.09 12102.1 17594 19393.6 23608 31100.4 35033.8 34603.3 35905.5 15856.4 5736.11 4373.36 3332.15 6720.71 12983.5 20118.7 16292.8 18931.1 21525.4 31382.7 31466.6 33202 16942.8 5458.57 3192.83 1759.2 4930.29 9773.14 11463.9 6669.41 4067.92 3663.05 7390.95 11677.7 11961.3 9285.76 6682.42 5311.03 2112.62 7806.09 11953.6 14737.6 7874.73 4437.4 4202.16 9181.98 15494.1 18807.1 10671.5 6602.38 6961.36 9227.33 4485.48 9811.37 15439.7 13907.9 7670.27 4745.36 4022.1 9383.45 12193.5 11254.3 10035.7 12612.8 13321.8 7815.26 4893.73 11848.6 15916.9 12547.1 8416.89 5812.28 5687.22 11802.1 13938.6 13543.8 9172.12 7513.83 9020.36 6802.56 14305.1 17996.5 11484.6 7614.42 5234.05 4523.72 13494.5 22158.5 30054.1 27493.8 33452.5 33565.2 36029.2 36131.8 45050.5 18081 4830.84 2691.75 1743.49 7237.82 14237.6 20257.3 22757.4 25267.4 28550.6 29693.5 28646.3 29868.8 12327.5 5945.1 4645.62 4655.84 8318.68 9655.84 
3758.54 3737.43 3734.63 3656.37 3766.21 3694.58 3512.8 3592.35 4327.95 5094.32 8578.37 12913 18889.3 16336.2 10835.3 8761.75 9646.28 13030.2 4132.09 0 3133.64 6836.04 9679.1 13286.8 18321.3 19270 18657.1 20237.3 7032.86 3912.21 4688.37 3973.46 1250.03 3910.91 8543.77 7973.63 11043.5 12183.2 16018.5 15348.7 17170 7278.15 4111.38 5381.77 3515.66 1516.26 3148.89 5077.58 6660.45 9342.94 9754.5 9697.05 9926.01 8681.97 9369.08 9632.83 10351.1 3479.44 1459.95 3924.72 6258.25 5050.14 5874.67 5189.97 3626.43 6332.07 9334.78 7971.1 12238.8 16558.6 19997.9 7288.51 3754.55 7094.48 6186.74 4893.69 4744.58 3611.03 2842.51 4642.62 7411.34 16033.2 24402.6 26766.2 16687.5 4924.13 4724.55 6735.26 5521.68 4965.28 4835.4 2729.03 4068.26 6498.17 8886.73 10884.6 14225.7 18241.7 10613.6 6184.1 8322.06 6025.5 6007.12 5138.58 3301.51 4224.66 9041.95 14748.3 15032.7 20709 21596.4 20128.5 20033.3 26897 8161.49 3807.46 4886.08 2875.48 1525.46 4609.91 8838.7 13083.8 15588.7 17479.6 15100.5 14006.7 15114.9 5910.25 5647.29 8555.11 6544.51 5033.92 4783.26 
4431.15 4339.39 4288.5 4057.83 4204.9 3949.19 3844.28 4095.93 5175.77 7324.6 12202.4 17258.9 23848 21040.7 17402.9 16399.1 18220.9 23292.8 12102.1 3133.64 0 1677.81 5208.48 8740.07 11812.3 10694.1 9286.01 11031.3 3503.26 5777.73 7893.57 7812.19 2932.34 1297.12 3278.64 4721.37 8214.95 8343.09 8040.52 6409.92 8253.05 3145.74 6353.43 10329.4 9048.16 5479.25 2988.26 4611.68 10575.9 17481.5 18372.9 18155.7 15342.6 11460.8 13028.4 14761.9 16997.3 8836.01 2600.01 2341.09 3620.62 6142.13 10394.1 9470.24 4828.3 4844.38 7346.24 10406.1 20584.1 27747.9 31751.3 15770.8 4027.37 4310.13 3557.87 6043.1 7981.3 7206.02 4233.9 4013.33 9419.43 24771.5 37175.4 40194.9 28178.8 11233.6 3802.93 3088.13 3338.12 5534.98 7338.75 5232.87 3695.07 5713.1 9982.76 16479.9 23110.4 28768.1 19957.7 4635.72 4438.57 5003.77 7950.17 8208.71 6157.28 2971.17 2908.25 6207.32 8168.76 13914.3 15044 10948.6 9993.97 15604.4 3572.52 6508.61 10148.6 8210.99 3620.83 1293.18 3470.44 8566.78 11572.2 11793.5 7594.4 5766.87 6958.07 4064.31 8653.01 14809.4 12103.1 6703.87 4920.3 
6812.37 6685.05 6653.5 6264.15 6527.58 6095.85 6307.24 7053.84 8291.97 10353.6 15401.4 20011.1 26554.9 24725.8 22872.3 22057.3 24107.9 29796.2 17594 6836.04 1677.81 0 3930.51 8021.09 10900.6 9333.95 7635.95 8335.47 2997.32 8222.79 10939.4 11301.8 5870.98 3049.2 1959.34 4073.72 8021.14 8497.02 6597.74 4875.77 5615.9 2472.55 9007.9 14298.6 13457.2 9708.86 5643.14 5332.22 13843.6 22616.6 23567.1 22984.7 20066.2 15519.5 16795.3 18304.9 21186.1 13037.8 5546.18 4545.78 3673.88 8099.63 14182.3 13561.3 8057.98 6640.15 7704.41 12584.4 25743.2 34089 38584.9 21288.4 7259.9 5025.51 3419.03 8372.7 11576 11319.3 7491.59 6038.07 10976 29732.7 43802.6 47123.3 34671 15952 6742.18 3770.41 3817.6 7568.87 10599.9 8811.67 6084.2 6912.37 11141.4 20248.5 28453.9 34656.1 25624.2 7346.94 5069.23 6179.13 10825.2 11732.2 9687.11 4867.25 3083.06 3517.08 6359.84 12544.5 14537.2 9311.51 7646.48 11120.4 2383.86 9178.91 14238.2 12654.3 7061.28 2793.05 1686.46 7649.4 11572.8 11821.2 6538.56 4161.91 3844.82 3920.65 11224 19284.3 16386.3 9055.58 6418.42 
5957.63 5907.98 5842.32 5894.55 5633.24 5671.63 6116.47 8063.5 9393.95 11139.5 15051.9 18887.7 24453.3 22929.3 22261.2 22560.9 24860.2 30855.1 19393.6 9679.1 5208.48 3930.51 0 2763.51 7284.43 12143.5 14485.7 17536 7705.67 8150.45 10902.5 11510.4 7567.12 6324.99 6569.2 2179.01 3842.77 5702.98 8845.61 10120.5 13347.1 5534.87 9658.59 15383.5 14765 11745.5 9855.42 9842.06 11087.9 20830.1 22250.2 20890.8 18523.6 17367.2 20229.7 21499.2 23452.8 15575.8 9500.55 10122.8 9616.25 7128.08 12858.2 13635.1 9916.92 10067.6 12132.6 12630.7 23467.2 33540.4 38644.8 22637.8 10145 11108.3 5947.67 7068.6 11904.2 13354.1 11729.6 10675.7 14471 27118.8 41004.5 45333.8 33141.6 16535.9 8201.27 7035.49 4858.89 6222.04 9732.24 9073.16 8035.89 9305.35 10833.5 16812.6 26575.8 33654.5 25872.6 10024 9418.61 6117.5 8069.92 9853.5 8888.68 6434.68 6881.63 8235.82 2058.68 4816.31 8624.71 11459.6 14793.6 20760.5 4921 8951.79 14332.8 13082 8751.39 6419.29 4858.25 1520.81 4525.83 7426.61 8370.48 9675.87 9814.73 2866.55 8095.27 16305.3 13747 6797.72 4776.27 
7715.12 7670.72 7644.1 7671.55 7479.93 7487.69 8232.09 10987.7 13086.7 14371.1 16194.1 17767.5 22030.2 20627.4 22060.1 24627.8 27445.7 34870.4 23608 13286.8 8740.07 8021.09 2763.51 0 2883.62 10736.1 16716.9 21806.9 12057.8 11343.5 13444.1 14342.2 10313.4 9224.12 9670.94 4330.2 1885.11 2690.46 8267.13 12734.4 17620.4 10154.8 12660.8 18081.8 17884.7 14806.1 13113.8 13490.4 13859 23216.2 25012.1 22120.7 18597.8 18270.2 23301.2 25170.4 27224.7 19047.4 12832.6 13803.1 13771.9 10557.2 14217.1 15042.1 12056.3 12961.3 14889.3 14605.9 25810.4 39224.6 45760 27987.5 14109.2 14943.1 10301.3 10046.8 14496 16913.3 15474.3 14417.6 17028.9 28016.7 42881.4 50532.8 38744.7 21091.2 11635.8 10718.2 8633.3 8318.34 11539.4 11505.9 10812.1 11948.6 12526 17749.4 30987.9 40023.2 30498 13496.7 13053.5 9703.78 10652.9 11667.8 10874 8474.58 9925.56 12623.8 5320.79 2130.77 4388.38 10251.3 17543 25517.6 9551.3 11507.4 16951.9 16356.9 11865.2 9881.57 9226.2 3614.9 1270.49 3785.65 7859.32 12114.6 13562.2 6757.88 10742.2 18226.9 15236.6 7897.97 6231.99 
11900.6 11763.6 11705.8 11648.5 11555.3 11457.3 12055.3 14613.1 17324.3 20099.8 22591.9 22901.9 25822.1 24338.5 27932 31402.7 34574.1 42628.3 31100.4 18321.3 11812.3 10900.6 7284.43 2883.62 0 5456.79 13537.3 20758.6 15252.6 17003.8 18739.3 19252.7 14305.2 12135.8 11893.5 8541.75 5060.18 2030.64 4899.96 11280.1 17537.5 13474 18172.5 23657.4 23369.3 20270.8 17512.9 18372.5 21112.8 31129.4 33315.8 30640.7 24966.4 23184.4 28872.3 31497 33490.6 24364.5 16224.4 17235.6 17461.5 16385.5 19961.2 18806 14438.8 15896.5 18657.3 20845.7 33535.5 48957.5 57682.4 37793.9 18915.8 18307.7 14267.6 15371.7 19289.6 21024.5 19342.4 18946.3 23547.5 36851.2 52448.5 61606.6 50955.4 29381.2 15538.6 13543.5 12585.1 12875.8 15392 15167.4 14386.8 16707.6 18670.1 24604.7 39045.2 51446.2 40927.2 16645.9 15602.9 14418 16279.5 16521.8 14698.9 10407.2 10722.9 13551.4 8991.82 4342.96 1746.23 5503.86 14970 24058 12892.8 17232.3 22662.7 22236.5 16695 13051.3 12345.4 8459.96 3460.37 1318.22 4868.65 11194.9 14351.4 11708.5 17494.9 25613.9 22080.9 13162.8 10450.2 
16621.9 16370.4 16256.2 15703.8 16129.4 15528 15743 16865.9 19442.5 23334.2 28711.8 31597.7 35450.9 32565.4 36056.3 38431.3 41336.8 48919.2 35033.8 19270 10694.1 9333.95 12143.5 10736.1 5456.79 0 3752.25 10289.6 12582.4 21459 23528 23267 15446.2 11295.6 9721.91 13205.6 12868.9 7584.62 1084.52 4071.03 8901.83 11688.5 21982.1 28036.7 26856.9 22518.6 17191.5 18472.4 29477.8 40450.1 41651.9 40065.8 33110.7 27314.3 31699.6 34762.9 37060.2 25962.6 14652.5 14660.2 15167.9 21719.7 27242.9 23816.7 14812 14651.7 17642.7 26649.5 43708.8 56356.1 63583.5 42187.1 19209.2 15741.5 14369.1 20263.6 23436.2 22642.8 18036.7 17945.2 26580.3 48907.3 65360.4 71396.8 59420.2 34009.5 16586 12488 13991.8 17900.2 20448.6 17869.6 14916.6 18176.5 24104.8 35065.5 47431.3 57957.2 46753 15805.2 13574.6 17861.3 23273.5 22899 19191.4 10117.5 7280.48 8885.06 12927.5 13551.3 9363.95 718.238 5128.65 12283.5 11410.1 22230.7 27772.5 26344.8 18553.5 12117.7 11448.1 15654.9 13313.3 7288.1 1595.28 4542.11 8498.82 15497.2 25186.7 34669.1 30856.1 20420 16129.8 
18851.4 18617.8 18509.4 17860.7 18291 17656.6 17573.6 17698.4 19324.5 22634.3 28953 34519.9 41315.9 38062.1 38627.9 38934.1 41443.8 48039.7 34603.3 18657.1 9286.01 7635.95 14485.7 16716.9 13537.3 3752.25 0 2604.7 8257.94 21212 23741 23374.6 15701.4 9743.28 7534.73 14922.3 18185.6 14633.5 4599.39 1797.45 3029.8 8313.67 21187.8 27659.2 26535 22480.2 14800.5 15735.4 31071.8 42637.7 42362.6 42370.1 35165.1 26792.8 28379.9 31608.1 34730.7 24714.9 12752.3 10617.1 10701 21852.5 29706 25997 16655.1 13711.2 15331.7 27128.2 45981.3 55457.1 58472.3 38363.4 15259.1 10375.7 11653.7 20751.6 23635.5 21700 16836.6 15013.3 24225.1 51185.1 68314.8 70305.2 57318.9 31286 13818 9077.83 12683.6 19386.2 22431.3 19545.4 14714.7 16761.1 24769.9 38600.6 48874.6 54683.6 43141.3 11854.4 9150.98 16902.6 25071.3 24985 21067.9 11580.2 5627.03 6039.73 15168.7 20774.6 18495.8 4711.99 633.485 4315.42 8481.43 22976.8 28523 26548.8 18615.6 10294.2 10257.9 19886.8 21283.4 15616.5 5181.1 1697.62 4450.48 16180.5 28014.3 37311.8 33923.1 24171 19387.8 
21496.3 21301.4 21266.4 20535.2 21018.2 20296.9 20201.9 20160 21382.7 23123.7 28665.8 35318.3 43907.3 40748.4 39840 39340.7 42132.2 48552 35905.5 20237.3 11031.3 8335.47 17536 21806.9 20758.6 10289.6 2604.7 0 6345.16 21982 25214.2 25375 17954.1 10802 7191.19 16808 22187.5 20886.2 10390.8 4454.33 1490.14 7422.05 21714.3 28731.7 28060.9 24221.7 14304.3 13912.3 32145.8 43938.6 43212.8 43446.1 35285.8 25709.2 25931.7 29720.5 34116.5 25869.8 14058 9597.7 8210.34 22395.1 32103.5 29310.8 20552.9 15295.1 13530.2 26471.8 46814 55078.4 56253.8 36482.7 14449 7433.22 10613.5 22346.6 25531.5 23499 18456.4 14173.2 21558 50560.6 68788.8 69444.2 56511.4 30323.1 13927.3 8145.29 12990 21812.4 25634.8 23032.5 16946.9 15890.3 24118.3 40137.6 50017.7 53484.7 40955.3 11344.7 7151.44 16774.6 27234.6 27921 24502 15279.3 7264.34 5820.14 18337.5 26950.5 26610.5 11712 2276.69 1569.95 7908.44 24481.3 30544.4 28592.3 20452.8 10747.7 10423.3 23994 27849.8 23338.3 11464.3 3259.34 3394.88 17498 30826.8 40168.5 36847.8 27537.6 22581.2 
7172.58 7110.89 7125.35 6866.04 6983.4 6717.1 6489.86 6484.6 7302.76 8166.53 11665.2 17146.4 25902.6 23364 18610.9 17002.3 19372.8 24910.2 15856.4 7032.86 3503.26 2997.32 7705.67 12057.8 15252.6 12582.4 8257.94 6345.16 0 5862.68 8950.79 9853.4 6183.05 3282.06 2854.19 5988.33 10649.3 12080.8 10656.6 7116.94 5541 727.644 6067.35 11243.7 11146.5 9090.21 4092.92 2912.62 11504.5 19841.2 20655.4 21730 17002 10558.4 9554.64 12066.4 16001.6 10477 4640.65 2616.29 1084.71 5940.79 12501.3 12386.5 8806.82 6684.56 5847.32 9162.23 21835.7 29427.7 32235.8 17300 4514.96 1953.45 1376.9 6835.44 9462.37 9032.45 7293.02 4855.63 7430.05 24299.3 38834.3 41616.7 31198.9 12971.5 4685.56 1879.15 2235.56 7000.78 10017.1 8961.57 6523.89 5758 8865.53 17791.2 25895 30237.9 20956.8 4183.29 2090.87 3634.9 9458.67 10815.4 9552.5 6791.39 4421.35 5209.29 10274.4 18358.7 19889.4 13779 8542.94 10437.9 1427.92 7720.45 12414.4 11435.7 7375.71 3167.74 3761.4 12111.6 16462.5 16461.2 10849.9 5458.44 4447.21 4765.32 12057.7 18893 16667.1 11250.2 8476.9 
3153.37 3196.46 3210.81 3532.34 3168.04 3508.63 3117.76 2981.84 3109.84 4181.24 6783.9 10117.1 17297.4 15685.9 8590.04 5571.09 6383.79 10478.2 5736.11 3912.21 5777.73 8222.79 8150.45 11343.5 17003.8 21459 21212 21982 5862.68 0 1529.32 2877.43 4113.36 6012.17 9597.17 5848.02 8390.28 11229.5 18516.1 18402.9 19716.9 6116.45 303.028 2650.84 3315.16 4614.82 5129.39 5024.28 2277.08 6222.6 8093.25 11148 10483.5 7691.95 5234.82 4550.47 6627.28 4038.73 4819.62 6255.72 6471.2 805.409 2145.77 3651.67 6254.63 9067.64 10572.2 5224.34 7523.32 14129.6 18552.4 9213.65 4947.3 7345.49 4205.03 992.419 2081.14 3356.35 6708.71 6779.78 6717.14 10429.5 19577.8 23732.3 16835.5 6303.61 5263.92 6445.4 3143.55 1380.97 2648.79 3919.47 6521.88 7339.62 7325.9 6737.61 11777.7 17193.8 12252.6 7003.55 7779.71 2522.14 1449.78 2276.23 3167 7844.31 11492.8 16044.5 12685.1 18265.7 20031.7 22348.6 22515.9 29287.2 6692.96 594.694 3015.12 3605.69 4958.86 6518.65 9335.53 10218 13461.4 16556 17730.5 16555.3 16675.3 3609.1 2915.55 6654.35 6359.43 5168.16 4343.72 
4984.4 5035.6 5029.52 5521.92 5021.35 5591.83 5217.97 5121.37 4840.95 5657.26 8276.26 11215 16390.1 14561 8566.69 5654.26 4817.2 6906.46 4373.36 4688.37 7893.57 10939.4 10902.5 13444.1 18739.3 23528 23741 25214.2 8950.79 1529.32 0 991.784 5152.78 8318.02 12869.4 8517.53 9812.59 12231.7 21132.8 22003.3 23937.5 9781.02 1330.21 604.534 1734.56 6042.11 7811.86 8407.25 4364.15 4999.55 5747.59 10929 11490.3 9907.8 6648.92 3873.99 3193.48 2233.78 6011.04 8533.74 9808.03 3270.98 1428.34 1633.56 7762.48 12602.1 14819.9 8174.05 7489.09 10971.3 15088 8584.98 6315.19 9509.34 7155.67 2199.5 675.185 2399.64 9037.04 9552.83 9092.18 10885.7 16825.9 18957.9 14661 6214.77 6778.78 9272.49 6383.96 2609.3 1278.97 4126.35 9283.4 10636.5 10915.4 8482.78 9699.47 13756.1 11175.4 9015.76 10727.7 5191.94 2757.77 1038.92 2316.12 10451 15259.5 20862 17149.3 20943.8 21027.6 24695.2 25151.5 33511.7 10308.4 1183.96 733.401 2471.66 6976.22 9826.81 13669.3 13798 14874.5 17649.4 20450.4 19686.7 21145.5 6704.88 3096.66 4281.96 5612.63 6520 5686.93 
5249.57 5300.56 5272.83 5747.19 5255.37 5848.17 5515.73 5616.29 5541.93 6220.1 8683.33 12070.2 17263.5 14927.6 9090.46 6577.28 5858.16 7014.87 3332.15 3973.46 7812.19 11301.8 11510.4 14342.2 19252.7 23267 23374.6 25375 9853.4 2877.43 991.784 0 4053.09 7902.91 13102.3 9309.38 10784.6 12459.6 20809.8 21676 23951.4 10604.3 2710.66 1506.47 748.653 5353.69 7927.51 9379.94 5723.73 5898.37 5013.07 9842.84 11266.7 10571.1 8198.33 5665.95 3886.23 1025.28 5153.24 8478 10652.3 4840.27 2915.16 1477.66 6989.76 12717.7 15616.5 9536 8683.28 11111.9 13263 7104.68 6046.48 10106.2 8326.77 3476.42 1411.46 1543.93 8594.25 9826.72 10119.7 12250.2 17632.5 18056.9 12590.9 5007.49 6401.69 9562.96 7471.32 4060.47 1690.95 3049.28 8951.82 11003.2 11828.1 9705.45 10174.4 12106.1 9442.25 8692.77 11458.7 6518.12 4066.7 1734.57 1217.2 9618.62 15208.3 21481.5 18092.8 22058.3 21027.2 24304.6 24870.3 33586.8 11338.6 2512.51 1137.87 1006.18 6095.89 9930.63 14550.6 14849.8 15824 17404.6 20109.3 19381.3 21371.9 7659.55 3794.92 3966.69 4573.54 6214.92 5795.14 
2439.9 2408.99 2397.51 2265.18 2380.28 2265.1 2233.17 2762.97 3826.31 4804.53 8449.85 12986.5 19226.5 16278.5 11419.9 10753.6 12523.7 16835.7 6720.71 1250.03 2932.34 5870.98 7567.12 10313.4 14305.2 15446.2 15701.4 17954.1 6183.05 4113.36 5152.78 4053.09 0 2139.3 6281.23 5831.38 8502.19 9259.58 12107.4 11897.5 14394.6 5937.13 4763.85 6758.3 4390.59 1433.32 2683.18 4831.96 6557.17 10491.5 11007.6 9686.89 9270.63 8414.37 10815.2 11841 12621.1 4349.67 889.528 3583.88 6072.62 5210.13 6741.63 5681.3 2332.35 4645.69 7820.64 7267.36 13203.2 19079.5 22881.7 8938.66 3761.53 7071.98 5531.21 4624.31 4931.76 3764.56 2482.32 4352.82 7602.97 17091.7 26641 30014.2 18242.8 5340.26 3550.4 5382.74 4645.2 4473.08 4595.29 1763.47 2282.99 4837.78 7358.21 10545.2 15635 20573.4 12108.4 5300.11 7441.98 5280.55 5569.7 5012.25 2810.49 2063.08 6402.36 11864.7 11887.9 16711.8 17832.8 16114.5 17083.6 24104.2 6922.56 4372.64 5879.13 3128.15 651.106 3220.18 7109.45 10504.2 12490.8 13915.6 11449.7 10995.3 12181.1 4462.18 5550.4 9518.62 6904.09 3719.95 3139.15 
3969.46 3899.06 3877.32 3586.44 3782.88 3485.12 3537.58 4208.88 5608.79 6978.96 11055.6 16244.5 22880 19187.1 15442.9 15665.4 18456.1 24098.8 12983.5 3910.91 1297.12 3049.2 6324.99 9224.12 12135.8 11295.6 9743.28 10802 3282.06 6012.17 8318.02 7902.91 2139.3 0 1964.93 4162.71 7829.83 8472.02 8454.56 6709.77 8208.88 3330.67 6735.9 10809.5 9231.89 4969.54 2081.55 3920.94 10316.7 17168.4 17743.7 16128.6 11962.4 8670.13 11846.9 14874.2 17523.5 8971.68 2099.96 1615.5 3343.03 6805.25 11296.5 10257.2 5059.23 4238.07 6020.19 9154.15 19612.4 27188.7 30910 14727.7 3382.5 4174.3 4130.93 6783.06 8468.23 7370.26 4045.25 3520.67 8214.69 22882.1 35532.4 39100.7 26838 9901.36 2941.19 2766.81 3825 6429.46 8094.12 5373.47 3060.95 4280.04 8377.4 15292 22558.8 27981.6 18232.5 3606.22 4065.01 5158.08 8516.59 8829.94 6482.95 2778.04 2491.96 6042.31 9038.49 14727.7 15977.8 12100 10764.7 16007 4370.93 7225.32 10588.2 8030.56 2805.21 670.101 3653.14 9672.57 12335.3 12498.8 8354.52 5733.75 6481.19 4140.54 8836.15 14786.3 11701.4 6210.47 4473.93 
7467.49 7358.93 7363.95 6844.1 7229.46 6672.08 7032.31 8230.7 10090.8 11485.1 15366.8 19871 26367.6 23215.2 21410.1 22315.8 25645.2 32227.6 20118.7 8543.77 3278.64 1959.34 6569.2 9670.94 11893.5 9721.91 7534.73 7191.19 2854.19 9597.17 12869.4 13102.3 6281.23 1964.93 0 3801.5 8209.89 9097.14 6913.15 5115.7 5207.95 3265.89 10536.3 16197.9 15326.2 10613.1 5179.2 4894.35 15364.1 24416.3 25161.5 23005.6 17398.2 12132.1 15311.6 19146.3 23254.9 14880.4 5974.16 3836.37 3173.77 9986.56 16871.5 16203.6 9717.92 6983.5 6496.64 12321.5 26760 35886.6 40181.4 22072.3 6995.71 4541.16 4828.94 10896.5 13874.5 13193.6 8231.51 5860.35 10242 29313.8 43993.1 48117.2 35872.4 16493.1 6687.9 3797.14 5217.59 10086.2 13217.8 10704.5 6712.37 6287.55 10595.8 20783.1 30075.7 36177.7 25638.1 6426.47 4258.85 7251.98 13254 14325 11807.2 5719.95 2820.73 3044.24 8149.21 14485.4 16123.8 10157.7 8101.75 10817.6 3977.54 11451.5 16451.5 14307.2 7443.23 2254.07 1958.6 10166.1 13587.6 13124.1 7318.67 3972.73 3025.91 5036.89 12933.8 20792.6 17262.7 9782.4 7247.81 
4292.83 4271.44 4274.74 4267.57 4104.36 4078.41 4579.16 6599.16 8339.1 9862.26 12618.8 14991.6 19884.3 17780.5 16160.5 17296.4 19936.9 25879.6 16292.8 7973.63 4721.37 4073.72 2179.01 4330.2 8541.75 13205.6 14922.3 16808 5988.33 5848.02 8517.53 9309.38 5831.38 4162.71 3801.5 0 2263.59 4968.52 9501.72 11077.3 13648.9 5392.76 7364.04 12227.9 12021.7 9591.04 7489.92 7126.58 9090.91 17032.4 18547.3 17289.1 13718.4 11415.2 13905.6 16139 19267.2 13025.8 7869.05 7795.68 7247.71 5708.51 10652.2 11787.6 9457.47 9483.47 10250.4 9629.56 18988.9 28774.2 34512.5 19628.2 8246.14 8747.76 5487.03 6714.14 10348.4 11647.7 10292 8451.51 10291.3 20948.6 33596 38857.4 29092.2 14050.4 7178.79 6394.7 4647.91 5919.19 8832.79 8273.59 7316.71 7692.75 8894.64 13815.5 22671.4 29877.5 22203.4 8465.55 7564.66 4875.36 7240.87 8822 7948.54 6436.05 6923.45 8598.34 4570.95 7715.42 10243.1 12674.6 15773.6 21774.1 5556.87 7356.38 11804.2 10670.6 6965.67 4871.1 4261.67 3720.59 6190.86 8411.22 9215.15 9867.27 9494.8 1879.62 5854.66 12533 9977.89 4410.22 3089.96 
5752.7 5733.71 5748.1 5870.44 5638.84 5722.44 6380 9120.55 11434.6 12696.2 14275.3 14755.7 16913.9 15030.4 16086.1 18935.1 21506.2 27647.7 18931.1 11043.5 8214.95 8021.14 3842.77 1885.11 5060.18 12868.9 18185.6 22187.5 10649.3 8390.28 9812.59 10784.6 8502.19 7829.83 8209.89 2263.59 0 2016.23 9827.16 14535.4 18963.2 10061.8 9635.98 13672.8 13967.5 12512.3 11477 11720.7 11307.8 17949.4 19498.1 18001.7 14614.7 13920.4 17578.1 19066.4 21063.3 15293 11394.6 12289.8 12366.2 8645.53 10748.2 11832.4 11502.5 13207.7 14534.4 12400.3 20248 31798.8 38735.5 23914.1 12422.8 13377.6 9767.85 8575.49 11769.6 14300.1 14595.5 13237 13809.4 21386.7 33649.9 40749.3 32321 17923.6 10789.9 10525.5 8431.38 7248.29 9328.93 10036.5 10542.7 11114.1 11452.6 14550.6 24755.5 33121.4 25657.5 12498.9 12035.3 8185.37 8616.65 9259.32 8938.65 8819.54 10769.9 13888.2 7529.29 5113.73 6009.78 12265.1 19177.3 27590.2 10018.7 8843.63 12986.7 12869 10100 9044.26 9244.42 5094.15 2669.91 4963.32 9544.51 13117.6 14343.8 5307.95 6766.24 12475 10321.3 5096.4 4023.41 
6937.58 6851.73 6805.98 6795.4 6744.96 6692.97 7231.76 9509.54 11964.8 14358 17078.2 17845.6 19413.6 16767 19128.5 22474 24984.1 31462.3 21525.4 12183.2 8343.09 8497.02 5702.98 2690.46 2030.64 7584.62 14633.5 20886.2 12080.8 11229.5 12231.7 12459.6 9259.58 8472.02 9097.14 4968.52 2016.23 0 5626.63 11791.9 17666.4 11331.2 12385.5 15990.8 15695.3 13807 12564.6 13580.9 15004.5 21870.7 23676.5 22086.3 18235.6 16945.6 21649.2 23255.7 24503.4 16757.7 11586.7 13028.4 13774.8 11663.6 13135.4 12092.1 10039 12427.7 15338.2 15589.9 24766.1 37149.8 45718.7 28908.6 14462 14969.6 11539.8 10893.4 13190.9 14877.7 14279.9 14355.1 17584.8 27462.3 39744.2 47850.7 39074.7 22088.6 12342.1 11406.3 9891.57 8895.97 9894.63 9898.73 10521.3 12691.5 14268.3 18388.3 29153.3 39716.8 31533.5 13672.3 13192.2 10698.4 11198.2 10760.2 9346.95 7759.42 9460.34 13063.9 8751.55 5779.17 3024.33 7184.02 16062.8 25572.9 11231.5 11275.4 14975 14801.9 11314.2 9530.76 9872.28 7179.46 3000.57 1710.68 5589.02 11185.7 13847.6 7882.62 10294.4 15983.3 13488.8 7378.67 5590.88 
