0 1.75158 2.80812 28.5315 4.80321 24.4652 10.3972 8.41462 208.929 1441.67 2782.8 3222.02 6422.23 4988.94 958.5 1352.18 2728.74 4453 2238.29 1504.66 1336.33 2194.46 1669.62 1369.81 1128.45 1520.38 2669.79 5216.65 2308.78 1171.42 1856.86 1881.71 1100.97 1360.91 2559.67 1469.49 1549.57 1268.88 1388.61 2526.68 4108.46 1823.58 1348.37 2185.82 1866.63 1451.44 1633.82 2186.34 1562.23 1888.71 2313.55 1563.35 970.798 1190.76 1849.19 3065.56 4020.92 2133.06 1536.65 2081.16 2772.25 1817.89 2369.1 2873.31 1306.35 1907.72 4086.63 2471.37 2295.45 2448.85 2656.01 2166.53 1736.15 3366.24 2535.68 1641.6 1736.56 1792.63 1984.81 3121.6 4247.66 2540.47 3427.61 4116.89 2084.94 1950.41 1990.86 2164.58 1327.19 1192.68 1941.78 1274.25 1479.15 2124.59 1607.81 1534.53 2628.09 2580.76 2156.41 1709.04 2708.05 2101.53 1471.18 1568.68 1503.4 1173.59 1577.71 3407.71 2083.61 1944.45 2468.78 1858.34 3579.71 6049.67 1901.21 1471.52 2188.09 1544.66 1338.67 1493.19 2257.31 1761.63 1879.57 2013.24 1608.52 2648.91 3147.16 1065.5 1462.15 3056.23 2188.45 798.893 319.327 296.496 325.84 
1.75158 0 2.09514 22.5169 7.12269 20.0287 9.35798 8.36109 218.631 1466.22 2824.73 3246.89 6426.83 4983.51 961.269 1361.83 2747.36 4480.66 2244.62 1496.24 1331.37 2183.95 1700.84 1402.75 1151.6 1521.51 2677.43 5212.86 2317.1 1200.65 1891.84 1914.57 1105.56 1357.59 2538.53 1481.87 1568.8 1279.86 1379.11 2525.25 4100.67 1839.1 1377.78 2213.09 1891.02 1452.24 1631.34 2172.8 1605.23 1918.61 2341.35 1561.1 964.17 1183.39 1874.62 3096.52 4054.76 2153.45 1537.49 2078.93 2764.82 1858.54 2407.63 2907.89 1314.84 1907.7 4073.53 2491.14 2338.55 2479.5 2694.36 2171.58 1747.21 3376.18 2565.21 1692.13 1777.78 1823.91 1980.46 3129.81 4260.09 2573.33 3439.06 4138.79 2100.36 1966.62 2018.24 2186.91 1352.63 1229.85 1983.09 1299.3 1484.81 2120.96 1608.28 1559.44 2650.97 2612.29 2171.94 1727.77 2729.21 2142.15 1519.66 1607.21 1529.88 1170.44 1572.58 3390.06 2119.24 1998.33 2519.35 1866.83 3594.16 6041.74 1920.37 1501.6 2219.92 1566.49 1334.06 1480.7 2236.01 1804.64 1929.69 2052.68 1614.85 2655.25 3135.98 1084.85 1489.48 3093.07 2205.27 804.511 327.294 302.513 336.122 
2.80812 2.09514 0 22.9523 6.45605 23.4239 11.1025 8.99546 217.481 1473.51 2854.91 3308.01 6452.83 4975.2 952.349 1356.24 2741.73 4477.76 2245.11 1506.63 1344.27 2215.72 1706.1 1409.05 1153.03 1517.87 2695.52 5279.22 2371.76 1230.67 1915.71 1926.57 1123.15 1391.31 2595.69 1522.32 1601.53 1281.01 1386.09 2554.03 4161.56 1883.21 1405.51 2228.76 1899.46 1466.17 1661.81 2223.44 1624.54 1940.19 2355.98 1565.54 977.71 1206.9 1915.77 3157.16 4100.31 2169.69 1558.07 2116.14 2824.61 1890.77 2430.67 2907.37 1303.54 1918.67 4125.62 2543.35 2373.26 2494.16 2705.36 2189.18 1770.88 3440.79 2621.23 1715.35 1784.46 1832.32 2002.13 3167.69 4331.07 2627.09 3465.12 4148.58 2104.25 1994.51 2047.8 2220.42 1380.83 1247.72 1982.82 1291.62 1497.62 2156.21 1648.85 1587.37 2652.59 2607.07 2190.92 1750.57 2771.96 2182.44 1542.37 1611.91 1520.82 1170.27 1592.29 3435.71 2136.35 2012.59 2504.6 1857.06 3631.31 6119.88 1967.2 1522.93 2221.43 1569.8 1354.69 1512.31 2281.56 1819.58 1935.08 2034.21 1611.31 2691.76 3190.85 1110.86 1500.69 3080.65 2203.47 818.586 330.706 281.099 324.426 
28.5315 22.5169 22.9523 0 36.255 5.93784 16.9885 21.8261 251.014 1437.61 2855.02 3413.24 6662.27 5085.97 1038.71 1557.89 3019.22 4809.11 2310.48 1400.11 1202.08 2054.15 1797.28 1537.35 1307.37 1402.33 2489.96 5011.36 2284.5 1391.56 2135.27 2099.94 1005.91 1231.04 2367.78 1541.93 1718.24 1389.2 1195.32 2273.11 3847.89 1844.53 1597.92 2452.48 2026.25 1328.37 1461.76 2018.26 1805.5 2147.06 2567.39 1559.49 899.365 1067.28 1969.05 3297.34 4319.77 2214.46 1398.28 1917.88 2632.69 2044.56 2676.44 3141.05 1225.32 1657.98 3755.29 2453.25 2617.23 2710.66 2913.97 2189.36 1707.26 3294.19 2600.96 1925.33 1998.37 1956.34 1779.4 2901.79 4086.11 2803.97 3770.53 4487.77 2218.7 1994.52 2023.36 2158.44 1412.23 1439.99 2215.78 1331.5 1302.72 1915.57 1508.34 1797.98 2920.22 2811.85 2207.13 1701.56 2661.74 2235.85 1754.52 1852.19 1671.67 994.427 1376.68 3162.08 2186.5 2208.53 2822.94 1745.57 3420.22 5820.2 1957.43 1718.12 2437.27 1648.03 1186.78 1325 2064.34 1957.44 2171.66 2283.9 1476.77 2469.9 2935.83 1190.82 1737.52 3402.04 2383.45 855.045 383.624 296.299 421.36 
4.80321 7.12269 6.45605 36.255 0 30.0384 11.5242 7.11733 189.094 1402.72 2745.09 3298.04 6656.95 5190.76 1007.44 1345.98 2734.36 4477.63 2289.89 1546.39 1345.88 2191.41 1614.77 1333.43 1096.3 1516.92 2626.43 5163.52 2272.47 1161.09 1867.61 1880.73 1111.52 1352.01 2545.69 1439.54 1556.15 1286.72 1386.27 2499.36 4071.87 1770.29 1345 2203.39 1868.06 1469.5 1630.37 2173.13 1528.22 1949.93 2378.63 1630.43 999.721 1181.43 1818.84 3083.66 4061.29 2168.87 1544.25 2065.72 2746.58 1788.75 2423.54 2919.67 1321.64 1898.11 4069.54 2459.89 2339.09 2520.14 2665.85 2175.69 1701.84 3352.24 2519.5 1649.4 1751.68 1774.58 1997.94 3106.86 4246.24 2567.47 3529.58 4205.54 2136.81 1947.93 1937.65 2105.07 1288.48 1202.76 1966.2 1274.62 1470.87 2103.7 1588.65 1566.64 2736.74 2645.71 2176.02 1660.05 2661.68 2062.46 1469.65 1578.85 1490.68 1180.15 1564.04 3378.64 2006.55 1892.71 2433.06 1847.74 3535.24 6005 1868.35 1504.21 2213.93 1538.41 1347.6 1481.3 2242.42 1707.32 1867.74 1983.75 1587.49 2617.75 3121.78 1043.27 1496.27 3071.39 2169.24 803.518 341.906 306.972 304.866 
24.4652 20.0287 23.4239 5.93784 30.0384 0 7.68857 13.9359 238.071 1409.67 2786.02 3387.73 6789.24 5242.99 1103.81 1589.34 3073.38 4884.32 2384.3 1432.45 1185.86 2005.49 1692.83 1441.82 1244.43 1399.89 2444.16 4893.06 2166.84 1309.02 2105.28 2101.98 1000.49 1178.18 2282.25 1419.12 1606.78 1359.15 1181.31 2196.93 3726.76 1714.81 1530.6 2462.36 2051.48 1336.49 1424.98 1957.69 1719.63 2144.38 2618.16 1640.76 927.687 1051.05 1892.72 3222.13 4308.12 2250.81 1404.83 1877.84 2545.53 1937.85 2656.28 3195.03 1277.4 1643.87 3681.77 2364.62 2575.02 2740.6 2945.54 2223.99 1677.48 3207.09 2485.2 1847.01 1999.92 1973.81 1786.77 2848.42 3980.5 2712.88 3813.01 4582.07 2294.07 1991.09 1950.53 2066.24 1326.52 1392 2236.85 1366.55 1285.31 1856.77 1438.3 1761.34 2983.81 2895.45 2239.66 1648.01 2570.72 2120.52 1664.88 1849.7 1709.62 1011.7 1333.46 3074.44 2039.39 2060.3 2756.13 1738.53 3331.58 5672.17 1833.81 1682.42 2468 1672.65 1173.62 1269.57 1986.59 1821.92 2071.53 2245.22 1461.41 2379.69 2818.93 1090.79 1693.11 3426.93 2389.8 820.176 370.934 318.455 408.803 
10.3972 9.35798 11.1025 16.9885 11.5242 7.68857 0 2.28524 201.716 1395.35 2765.32 3377.36 6799.38 5281.58 1082.29 1491.77 2944.18 4747.12 2380.72 1503.22 1249.87 2065.83 1599.86 1337.38 1147.38 1455.91 2533.34 5006.01 2179.25 1201.92 1988.24 2022.5 1066.75 1257.94 2382.25 1378.06 1526.79 1299.84 1273.03 2322.54 3856.68 1693.75 1413.39 2351.6 1998.38 1413.89 1521.18 2047.17 1601.39 2055.35 2548.23 1688.61 994.772 1117.01 1844.19 3140.24 4210.64 2248.49 1495.89 1975.48 2623.56 1828.58 2535.36 3101.6 1330.48 1772.64 3850.69 2395.13 2469.29 2662.98 2861.38 2244.13 1693.87 3263.72 2468.58 1724.34 1886.49 1917.08 1906.34 2968.4 4088.73 2629.38 3700.44 4470.65 2277.31 2006.04 1948.12 2070.79 1283.79 1282.4 2125.63 1355.16 1384.31 1967.27 1493.1 1668.63 2897.86 2828.12 2253.46 1656.53 2594.48 2058.7 1535.59 1723.81 1645.06 1109.13 1438.6 3186.64 1952.35 1903.88 2573.74 1780.94 3419.04 5797.96 1804.29 1577.42 2365.24 1643.05 1265.26 1354.17 2070.08 1699.51 1917.43 2103.4 1517.12 2478.11 2921.79 1020.25 1565.58 3267.89 2306.33 803.076 352.158 309.981 350.841 
8.41462 8.36109 8.99546 21.8261 7.11733 13.9359 2.28524 0 182.47 1367.59 2734.2 3364.33 6787.8 5268.1 1055.86 1430.56 2857.24 4639.88 2331.98 1493.88 1254.62 2067.81 1568.85 1309.5 1115.16 1460.73 2548.57 5041.2 2185.84 1169.28 1929.86 1959.75 1073.48 1285.45 2426.97 1387.42 1526.81 1284.29 1299.58 2368.97 3911.35 1698.58 1369.47 2280 1935.92 1415.51 1540.9 2063.56 1560.31 2011.53 2488.98 1674.26 1003.25 1133.98 1816.38 3092.81 4132.22 2201.84 1499.1 1991.15 2639.44 1792.27 2480.17 3023.51 1317.32 1799.87 3900.85 2400.11 2424.56 2604.94 2788.06 2216.65 1688.62 3271.45 2461.65 1680.67 1819.83 1854.89 1920.49 2986.15 4103.15 2593.91 3649.81 4391.9 2243.35 1991.27 1944.71 2066.97 1266.91 1243.06 2056.91 1319.39 1405.67 1997.63 1511.71 1646.39 2857.4 2766.22 2227.3 1658.92 2601.27 2037.42 1497.51 1659.08 1582.46 1127.83 1478.83 3236.16 1952.07 1881.29 2507.1 1781.38 3435.27 5846.39 1805.88 1532.7 2291.4 1593.77 1280.72 1386.38 2103.37 1680.01 1879.95 2047.4 1521.45 2506.59 2969.64 1014.09 1532.37 3189.18 2253.37 800.624 344.96 300.752 333.908 
208.929 218.631 217.481 251.014 189.094 238.071 201.716 182.47 0 745.46 2110.55 3315.85 7440.67 5976.09 1222.22 1295.77 2570.24 4230.8 2145.65 1470.14 1243.13 2022.26 1392.98 1233.39 1130.68 1618.8 2571.2 4980.64 2045.07 927.967 1588.63 1643.9 1096.78 1399.08 2540.08 1383.15 1614.33 1433.04 1502.34 2481 3948.15 1556.27 1138.95 1944.34 1597.54 1331.55 1478.07 1944.21 1203.49 1845.19 2380.24 1835.07 1188.47 1163.74 1499.95 2682.6 3663.03 1937.35 1434.05 1866.85 2446.23 1404.48 2202.05 2748.04 1228.6 1694.47 3674.32 2133.68 2266.93 2502.73 2583.51 2179.37 1454.66 2966.62 2188.99 1419.1 1497.28 1475.03 1740.25 2540.03 3728.22 2473.17 3800.07 4462.57 2347.38 1896.28 1702.3 1835.49 1098.96 1038.37 1757.04 1103.46 1371.9 1925.4 1488.25 1742.16 3103.37 2805.12 2245.66 1537.42 2310.19 1727.9 1269.65 1398.02 1363.85 1286.01 1706.16 3367.65 1766.78 1673.92 2393.82 1840.34 3335.56 5829.22 1627.33 1320.78 1974.81 1345.03 1372.03 1510.95 2154.52 1461.97 1755.21 1995.87 1554.71 2547.46 3127.79 1019.79 1516.6 3015.17 2116.27 894.765 539.091 505.457 551.331 
1441.67 1466.22 1473.51 1437.61 1402.72 1409.67 1395.35 1367.59 745.46 0 753.851 3297.61 9602.49 8198.86 2435.51 2148.43 3263.7 4698.17 2269.96 1539.08 1413.15 2070.17 1823.31 1827.93 1971.7 2081.86 2665.74 4834.45 2145.32 1456.63 1964.71 1790.34 1218.31 1773.81 2911.08 2111.62 2645.81 2501.57 1988.78 2543.51 3851.83 1816.41 1771.11 2405.5 1640.92 1162.35 1293.91 1682.9 1430.66 2345.42 2984.28 2581.7 1894.03 1545.85 1538.02 2570.53 3533.36 1733.58 1275.69 1615.59 2069.78 1515.89 2622.79 3115.45 1303.57 1298.8 2694.05 1496.08 2714.52 3090.4 3070.21 2727.26 1663.69 2400.39 1924.04 1837.16 1903.9 1435.16 1191.17 1349.43 2298.69 2705.19 5265.75 5987.06 3412.24 2209.81 1688.41 1693.12 1358.39 1716.07 2250.34 1187.1 1212.01 1671.31 1458.23 2868.79 4807.32 4022.97 2868.64 2016.91 2131.72 1647.83 1742.22 1985.09 1718.61 1620.92 2277.01 3799.04 2365.87 2340.37 3352.99 2183.62 2934.47 5512.59 1894.12 1911.52 2364.93 1411.55 1507.11 1959.89 2466.84 2072.15 2569.5 2968.78 1775.34 2411.38 3387.37 1990.72 2711.74 4035.98 2793.74 1566.39 1558.74 1637.21 1902.09 
2782.8 2824.73 2854.91 2855.02 2745.09 2786.02 2765.32 2734.2 2110.55 753.851 0 2174.5 10310.5 9841.23 3519.59 2746.98 3631.13 4941.51 2636.9 2171.46 2384.78 3097.77 2669.9 2488.4 2543.92 2955.16 3635.21 5907.73 3016.98 2063.24 2469.93 2150.15 1808.7 2695.4 4240.52 3236.29 3724.31 3600.17 3221.08 3621.33 4969.6 2622.07 2360.88 3016.45 2051.44 1621.14 1877.67 2341.58 1616.29 2501.48 3173.64 3205.39 2729.09 2564.58 1910.72 2558.36 3518.41 1878.33 1764.32 2293.16 2737.5 1740.26 2844.78 3481.75 1965.66 2021.93 3231.39 1206.43 2308 3114.92 3050.42 3340.28 2805.92 2967.58 2105.5 2119.28 2424.1 1755.4 1621.49 1654.13 2008.29 2066.21 5450.78 6549.95 4095.94 2666.99 2154.38 2187 1768.09 2291.73 2918.15 1715.77 1781.36 2331.54 1865.26 2980.27 5541.58 4915.62 3434.18 3022.77 3018.3 1923.99 1937.82 2426.05 2166.98 2409.9 3465.96 5417.26 3610.74 3115.57 3992.69 3269.44 3565.37 6318.25 2585.58 2573.05 2935.75 1771.13 2121.53 3033.7 3823.05 3027.3 3268.94 3740.22 2738.71 3039.45 4431.05 3004.85 3748.89 4902.16 3436.3 2140.93 2419.28 3029.95 3092.81 
3222.02 3246.89 3308.01 3413.24 3298.04 3387.73 3377.36 3364.33 3315.85 3297.61 2174.5 0 4576.9 6419.41 3132.13 2270.69 2485.48 3400.87 2227.96 2768.1 3865.53 4794.54 4582.77 4042.38 3338.79 4204.39 5847.2 8495.62 4949.2 2515.21 2468.85 2639 3083.31 4396.71 6215.28 4594.02 4350.56 4197.94 4925.89 6244.6 7920.82 4661.53 2441.33 2743.59 2540.86 2953.24 3759.57 4175.96 2278.38 1490.57 1950.02 2575.38 3085.28 3948.28 2683.1 2307.33 2876.65 2259.64 3153.45 4275.2 4846.6 2479.27 1881.52 2904.54 3014.66 4407.82 6231.09 2558.49 932.29 1915.67 2642.75 3543.94 4573.28 4869.03 3408.21 2278.29 2670.19 2540.64 3406.15 4405.9 4337.04 1373.54 2431.5 3617.55 3176.3 3327.5 4101.34 4415 2910.89 2023.67 2819.93 2727.32 3740.36 4645.56 3581.74 1479.98 2789.51 3783.43 3579.46 4694.68 5067.79 3325.25 2245.97 2378.11 2571.03 3656.6 5232.83 7859.64 6121.21 4816.52 4675.6 4995.22 6131.03 9192.83 3998.75 2246.16 2919.41 2534.66 3548.56 4870.69 5841.15 4694.81 4197.98 4486.94 4553.84 5356.66 6723.5 3674.82 3249.3 4625.42 3735.02 2587.97 2411.97 3705.44 3740.89 
6422.23 6426.83 6452.83 6662.27 6656.95 6789.24 6799.38 6787.8 7440.67 9602.49 10310.5 4576.9 0 1563.5 4581.65 5638.11 5146.66 5035.48 5170.95 6844.98 8548.47 9734.43 10069 9222.03 7824.46 8348.31 11185.5 14582.6 10811.3 7205.89 5709.41 6259.72 8265.86 9798.72 11540.5 9599.32 7818.23 6850.9 9196.71 12257.8 14622.5 11166.5 6614.96 5362.81 6338.99 8528.17 9900.35 10377.5 8119.59 4279.84 3776.87 5129.6 6747.53 8894.65 8264.91 6810.26 5771.16 6121.12 8540.67 10198.5 11230.8 8335.18 4519.8 4639.09 7295.64 10629 13818 9779.07 4735.45 3963.73 6132.25 7808.26 9766.44 10865 9548.54 6427.42 5714.44 6894.33 9547.64 11834.6 12146.2 6733.61 3167.07 2810.58 5191.56 8263.55 10532.8 11084.3 8821.66 5582.86 4948.52 6896.79 9838.59 11267.2 10219.8 5219.97 2310.3 4046.84 7495 10216.3 11102.2 9403.6 6905.81 5491.46 6209.22 8659.15 10222.6 13172.2 12329.8 10337.8 7978.09 9134.56 12320.3 15905.9 9921.74 5238.38 5380.33 6977.02 9194.7 10409.5 11317.5 10321.2 8260.23 7740.3 9365.38 11609.3 12856.1 8405.21 5406.72 6186.98 7469.43 7156.16 5467.01 6396.78 7278.38 
4988.94 4983.51 4975.2 5085.97 5190.76 5242.99 5281.58 5268.1 5976.09 8198.86 9841.23 6419.41 1563.5 0 2833.79 5490.43 5747.05 5846.28 5020.38 6068.51 7153.1 8227.04 8815.34 8001.27 6808.85 6352.83 8721.52 12090.1 9205.19 7033.92 5517.56 5428.79 6966.95 8042.25 9458.47 8449.5 6801.09 5186.35 6775.82 9701.45 11953.1 9745 6650.5 5175.03 5628.21 7519.88 8359.74 8933.89 8266.32 4744.05 3676.85 4437.59 5378.15 7042.52 7912.7 7371.41 6109.86 5349.41 7233.52 8609.87 9711.09 8488.76 5090.09 4076.79 5780.52 8528.67 11606.6 9231.47 5725.1 3920.24 5699.69 7212.3 8373.43 9670.63 8821.7 6340.97 4989.68 6005.36 8227.85 10461 11350.8 7639.81 4265.83 3263.38 4572.61 7503.43 9154.77 9408.29 8004.97 5673.66 4250.65 5471.99 8084.5 9324.86 8785.68 6021.42 2772.85 2985.89 6642.98 8554.57 9566.99 8567.75 6679.12 4907.11 5210.76 7050.36 7912.18 10330 10471.3 9242.92 6753.04 6841.37 10117.8 13215.3 9002.88 5332.12 4764.82 6093.49 7881.23 8501.44 9329.18 9380.64 7313.14 6260.63 7295.06 9476.54 10485.8 7754.14 5205.01 5381.76 6814.65 6604.23 4498.78 4582.36 5774.18 
958.5 961.269 952.349 1038.71 1007.44 1103.81 1082.29 1055.86 1222.22 2435.51 3519.59 3132.13 4581.65 2833.79 0 1116.88 2151.22 3241.22 1793.16 2181.93 2667.79 3614.03 3465.76 2878.98 2049.11 2266.77 3979.21 7096.06 4038.4 2237.28 1997.66 1698.91 2206.73 3103.44 4460.76 3314.11 2819.23 1668.94 2490.66 4501.07 6404.19 3873.12 2251.72 1977.22 1706.36 2500.65 3097.82 3654.58 2685.54 1769.85 1474.42 1519.52 1642.44 2131.04 2504.82 3265.62 3321.19 1813.06 2571.83 3566.58 4357.69 3015.42 2222.22 1817.81 1551.21 3228.04 5763.17 3577.1 2160.25 1610.97 2114.81 2989.83 3347.61 4834.79 3892.17 2391.34 1598.31 1788.38 3101.45 4608.93 5657.3 2905.16 2439.35 2594.56 1825.87 2971.81 3520.04 3630.66 2645.29 1925.87 1563.23 1309.15 2791.05 3728.15 3102.77 2125.93 1997.67 1658.4 2696.9 3290.25 4279.91 3324.54 2154.95 1384.17 1279.26 2336.91 3253.03 5457.73 4332.88 3694.86 2655.72 2499 5081.52 8146 3788.36 1990.35 1739.96 1649.72 2771.12 3301.67 4149.09 3731.68 2857.2 2161.6 2539.89 4267.33 5221.33 2791.93 2087.44 2431.42 2293.85 1811.72 977.72 897.357 1244.03 
1352.18 1361.83 1356.24 1557.89 1345.98 1589.34 1491.77 1430.56 1295.77 2148.43 2746.98 2270.69 5638.11 5490.43 1116.88 0 536.806 1676.18 1261.09 2190.41 2942.71 3756.56 2816.06 2399.71 1588.9 3057.24 5064.5 8283.04 4287.53 1287.32 1271.93 1366.37 2556.23 3784.15 5363.77 3160.43 2785.4 2075.96 3720.88 5823.76 7711.56 3778.61 1128.99 1183.81 1240.48 2557.91 3532.82 3947.82 1444.2 1078.68 1375.11 1994.41 2518.91 3034.3 1855.03 2046.93 2395.15 1740.68 2950.38 4050.08 4647.77 1802.56 1302.47 1664.57 2058.72 4130.58 6813.58 3496.33 1160.57 1418 1810.48 2856.86 3596.22 5146.19 3806.47 1722.01 1263.96 1420.44 3476.01 4857.78 5561.42 1599.62 1630.23 2395.29 2226.7 3084.73 3789.56 3885.24 2327.2 1183.52 1426.16 1614.87 3492.49 4479.47 3458.51 1312.48 2082.83 2425.94 2974.16 3893.23 4737.15 3132.83 1517.61 981.782 1074.08 3041.22 4536.4 6970.52 4381.8 3232.92 2260.45 3366.47 5920.29 9522.97 3583.39 1134.38 1288.77 1307.5 3063.74 4006.79 4814.14 3119.6 2472.66 2048.87 3220.2 5142.05 6266.69 2289.93 1468.42 1949.27 1552.4 1385.13 1145.62 1442.72 1261.51 
2728.74 2747.36 2741.73 3019.22 2734.36 3073.38 2944.18 2857.24 2570.24 3263.7 3631.13 2485.48 5146.66 5747.05 2151.22 536.806 0 525.313 1214.3 2975.86 4273.66 5178.36 3836.29 3215.73 2342.86 4319.85 6829.12 10445.6 5875.74 2015.16 1130.41 1459.09 3881.91 5677.69 7547.71 4535.62 3566.49 2707.66 5289.48 8082.55 10329.1 5564.21 1665.16 808.273 1344.92 3805.81 5348.04 5677.75 2232.94 945.199 1243.99 2927.41 4189.25 5155.79 3067.61 2193.74 1697.06 1943.9 4284.07 5737.02 6414.96 2619.79 983.678 1212.85 3142.62 6096.75 9185.46 4920.13 1548.15 1315.26 2147.5 4007.65 5193.19 6738.97 5144.29 2341.18 1338.6 1777.58 4986.83 6514.54 6958.11 2145.98 1242.81 1696.79 3018.38 4475.75 5674.64 5921.19 3732.07 1671.14 1307.42 2418.12 5383.3 6695.28 5383.22 2139.82 2068.21 2717.01 4187.06 5957.65 6699.45 4436.9 2364.07 1110.34 1459.71 4789.46 6834.47 9560.43 6313.55 4340.71 2560.6 4538.44 7508.53 11846 4989.36 1384.82 935.413 1743.43 4704.94 6112.69 6888.58 4376.1 2980.77 2509.58 4559.01 7043.17 8620.93 3457.9 1619.49 1381.99 1668.09 2335.82 2189.23 2648.55 2382.64 
4453 4480.66 4477.76 4809.11 4477.63 4884.32 4747.12 4639.88 4230.8 4698.17 4941.51 3400.87 5035.48 5846.28 3241.22 1676.18 525.313 0 1480.04 4058.08 5932.11 6879.98 5689.2 4833.96 3544.11 5650.92 8423.22 12255.2 7707.01 3468.23 1660.62 1588 5256.41 7572.8 9654.04 6441.7 4851.21 3533.28 6802.51 10136.7 12612.3 7747.95 2966.96 1092.27 1539.86 5228.19 7280.98 7673.66 3900.43 1566.67 1267.05 3960.6 5953.14 7303.83 4698.3 3063.74 1414.52 2144.65 5622.15 7439.36 8278.89 4258.4 1521.58 916.288 4306.29 8116.37 11506.1 6882.42 2559.47 1725.87 2489.31 5228.74 6903.81 8280.67 6934.36 3676.3 1940.44 2197.76 6576.62 8322.04 8611.89 3336.67 1651.72 1240.49 3734.96 5872.02 7544.54 7953.77 5757.6 2988.64 1538.52 3220.97 7315.46 8922.59 7689.61 3761.43 2680.15 2969.15 5348.18 7960.47 8681.93 6300.3 3850.27 1756.14 1902.66 6642.74 9116.12 12064.1 8836.37 6177.32 3088.45 5785.34 8917.25 13745 6956.52 2394.92 1144.43 2260.71 6413.75 8339.15 9212.33 6475.12 4100.56 3124.39 5989.03 8843.9 10941 5441.49 2572.71 1239.67 1990.72 3733.54 3647.98 4263.51 4016.4 
2238.29 2244.62 2245.11 2310.48 2289.89 2384.3 2380.72 2331.98 2145.65 2269.96 2636.9 2227.96 5170.95 5020.38 1793.16 1261.09 1214.3 1480.04 0 983.065 2563.47 4021.39 3912.02 3196.46 2424.3 2925.93 5148.64 8905.63 5280.79 2501.02 1714.15 987.72 1748.36 3842.72 6129.85 4495.82 3664.95 2345.85 3522.8 5829.13 8297.08 5158.76 2331.07 1435.63 611.781 1570.42 3451.36 4442.92 2760.42 1120.49 914.994 1185.48 2700.53 4000.78 3400.39 2950.35 2276.05 558.372 2043.42 3853.56 5208 3158.91 1568.79 1105.18 1208.64 3772.35 6882.54 4120.34 2085.3 1439.58 1592.07 2230.21 3729.73 5417.77 4720.12 2715.4 1612.91 1121.56 2415.26 4269 5216.12 2587.72 2264.46 2323.2 1601.9 2817.66 4375.1 5053.09 3682.82 2176.73 1468.51 995.945 3130.96 4868.56 4342.28 2639.48 2450.58 2147.24 2382.04 4640.78 5805.94 4469.3 2797.73 1543.03 846.995 2553.62 5034.23 8095.32 6334.09 4633.89 2976.21 3023.96 5731.81 9990.26 4713.69 1788.11 1185.19 618.393 2387.42 4455.99 5784.51 4746.98 3137.1 2460.07 2987.82 5227.6 7149.18 3762.58 2143.02 1910.77 1143.94 1480.02 1742.2 2029.55 2265.5 
1504.66 1496.24 1506.63 1400.11 1546.39 1432.45 1503.22 1493.88 1470.14 1539.08 2171.46 2768.1 6844.98 6068.51 2181.93 2190.41 2975.86 4058.08 983.065 0 680.997 1906.56 2653 2370.16 2238.15 1937.62 3080.69 5794.19 3237.03 2257.67 2348.42 1809.65 522.604 1583.78 3320.53 3002.03 3083.64 2454.54 1951.79 2998.68 4801.23 3075.99 2290.69 2429.2 1447.75 468.903 1357.17 2247.12 2575.08 2121.54 2299.41 1162.67 1411.22 2162.61 2693.55 3243.65 3641.43 1142.5 570.72 1618.62 2824.15 2697.26 2681.68 2750.04 965.178 1777.7 3921.81 2693.81 2934.12 2601.37 2495.36 1314.97 1747.17 3064.13 3018.97 2504.01 2190.4 1686.1 911.281 1996.31 3017.75 2950.24 4315.72 4652.34 2060.51 1544.22 2421.62 2941.13 2358.41 2173.4 2438.8 1229.7 1350.56 2375.4 2407.13 2879.03 3586.79 3069.16 1595.15 2555.88 3509.07 3200.22 2704.55 2346.12 1645.99 1043.83 2466.98 4797.38 4333.28 3731.73 3816.38 2203.49 3537.45 6533.25 2889.54 2050.09 2255.39 1115.5 714.14 1962.91 3123.23 3567.22 3104.81 3192.13 1899.08 2888.34 4146.69 2705.86 2689.14 3745.36 2277.8 1163.39 1237.57 1490.15 1973.42 
1336.33 1331.37 1344.27 1202.08 1345.88 1185.86 1249.87 1254.62 1243.13 1413.15 2384.78 3865.53 8548.47 7153.1 2667.79 2942.71 4273.66 5932.11 2563.47 680.997 0 669.582 1655.27 1736.17 2042.38 1626.01 1857.7 3587.2 1753.63 1984.85 2692.2 2542.45 799.143 631.675 1590.66 1810.71 2387.54 2459.84 1363.09 1494.55 2609.6 1640.75 2157.04 3120.69 2382.35 1036.29 563.548 1223.58 2549.12 3139.65 3588.16 2370.38 1465.35 1386.15 2079.67 3224.68 4526.47 2201.21 789.647 645.575 1453.52 2307.33 3469.05 4032.56 1650.35 1323.76 2553.2 2232.84 3755.16 3868.73 3660.08 2104.56 1027.59 1626.79 1923.33 2360.19 2616.47 2328.93 1219.15 1233.78 2099.37 3326.66 5931.25 6508.84 3384.57 1908.72 1573.41 1588 1527.74 2200.82 3131.39 1921.61 1179.61 1237.56 1626.12 3451.17 4794.89 4069.13 2389.89 1656.31 1899.15 2207.04 2562.7 2901.52 2522.25 1171.7 1156.23 2673.72 2730.13 2850.74 3942.82 1887.91 2114.6 4153.33 1647.43 2261.93 3155.83 1999.08 847.108 691.263 1536.84 2570.25 2963 3343.17 1598.25 1476.01 2216.09 1899.23 2969.42 4859.71 3396.91 1497.67 1188.51 1460.43 1968.24 
2194.46 2183.95 2215.72 2054.15 2191.41 2005.49 2065.83 2067.81 2022.26 2070.17 3097.77 4794.54 9734.43 8227.04 3614.03 3756.56 5178.36 6879.98 4021.39 1906.56 669.582 0 1520.43 2101.51 2575.58 2231.59 1953.58 2470.82 902.915 2132.41 3036.88 3321.06 2031.46 1305.65 932.889 1377.73 2234.63 2903.67 1805.9 1693.72 1879.43 1172.78 2321.54 3623.45 3363.82 2458.71 1165.85 727.879 3055.52 4186.58 4816.7 4239.71 2794.64 1777.41 1722.57 2671.94 4453.9 3226.84 1908.78 1062.68 673.224 2301.34 4026.34 4998.69 3192.92 2231.08 2273.59 2209.02 4521.59 5036.9 5083.31 3777.18 1945.21 1057.25 1275.25 2722.79 3334.26 3302.29 2467.23 1644.32 1395.31 3535.37 6982.31 7826.33 5414.08 3401.92 2425.7 1417.99 1449.43 2665.94 3985.24 3337.5 2357.95 1435.24 1691.95 4570.53 6351.58 5497.86 4070.83 2553.5 1445.26 1763.14 2945.84 3685.58 3764.7 2573.47 1636.7 1811.08 2556.99 3167.85 4559.98 2479.05 1840.04 2842.15 1223.06 2643.69 3994.64 3300.73 2078.87 1101.2 727.258 2594.76 3589.36 4176.2 2258.81 1430.33 1367.67 1847.57 3553.31 5852 4704.93 2593.93 1837.77 2320.62 2963.95 
1669.62 1700.84 1706.1 1797.28 1614.77 1692.83 1599.86 1568.85 1392.98 1823.31 2669.9 4582.77 10069 8815.34 3465.76 2816.06 3836.29 5689.2 3912.02 2653 1655.27 1520.43 0 418.442 1209.56 2733.82 3335.21 4864.74 1447.48 785.881 1936.67 2641.2 2468.18 2272.06 2783.81 678.695 1090.4 1936.3 2618.77 3094.75 3998.1 988.048 1059.68 2693.79 2951.27 2914.89 2461.87 2189.44 1136.03 2876.62 4163.01 4403.41 3314.87 2783.85 1748.86 2434.92 4034.76 3332.95 2896.33 2674.08 2371.02 851.876 2606.99 4151.42 3360.83 3269.86 4471 2290.71 3112.4 4021.74 4378.39 4067.15 2498.14 2935.62 1441.55 1155.57 2230.11 2880.48 3505.35 3302.15 3196.03 2369.35 5609.8 6827.13 5027 3577.04 2650.77 2124.93 871.817 1248 2808.66 2961 3005.79 2886.82 1971.54 2910.03 5134.34 4988.29 4221.5 2859.09 2622.9 1100.85 1169.47 2268.15 3007.23 3112.72 2789.99 3584.51 936.848 805.614 2315.4 2811.14 3364.28 5251.63 902.757 1477.97 2931.9 2878.39 2742.16 2230.38 2048.14 432.77 1253.52 2393.95 2672.9 2807.09 2922.12 519.63 1680.37 3971.59 3478.66 1934.17 1459.59 1699.32 1647.45 
1369.81 1402.75 1409.05 1537.35 1333.43 1441.82 1337.38 1309.5 1233.39 1827.93 2488.4 4042.38 9222.03 8001.27 2878.98 2399.71 3215.73 4833.96 3196.46 2370.16 1736.17 2101.51 418.442 0 574.704 2492.03 3680.84 5878.88 2234.14 812.119 1473.99 1998.82 2098.02 2309.59 3431 1134.64 781.815 1223.55 2517.88 3468.25 4823.56 1693.57 1041.74 2140.42 2341.04 2550.96 2623.01 2929.62 1252.19 2099.89 3245.36 3662.16 3033.65 3026.44 2220.16 2613.56 3613.77 2707.18 2711.56 2959.74 3179.02 1216.48 2051.13 3244.76 2885.14 3433.69 5329.63 2836.93 2738.63 3255.12 3669.6 3675.46 2685.34 3560.97 2206.33 1133.38 1645.38 2360.94 3391.61 3756.34 3936.69 2202.45 4588.93 5777.85 4176.65 3239.36 2723.74 2605.46 1389.34 1126.49 2102.64 2360.26 2925.09 3315.23 2472.17 2511.1 4255.68 4240.8 3703.22 3028.58 3364.24 1757.68 1040.03 1608.87 2331.07 2884.41 3112.09 4597.34 1622.21 552.689 1527.78 2589.86 3796.09 6317.36 1605.1 1276.05 2188.9 2221.72 2504.45 2505.4 2923.3 838.097 581.321 1591.33 2530.28 3187.74 3727.05 890.692 1150.84 2839.83 2565.77 1345.46 1178.29 1474.53 1152.71 
1128.45 1151.6 1153.03 1307.37 1096.3 1244.43 1147.38 1115.16 1130.68 1971.7 2543.92 3338.79 7824.46 6808.85 2049.11 1588.9 2342.86 3544.11 2424.3 2238.15 2042.38 2575.58 1209.56 574.704 0 1578.04 3243.2 6003.22 2756.19 1051.92 1197.8 1270.18 1914.61 2469.54 3799.6 1656.85 1060.92 724.302 1981.75 3548.69 5253.72 2280.4 1155.22 1564.38 1529.38 2407.35 2769.16 3269.61 1497.37 1649.46 2199.52 3115.61 2788.82 2945.67 2157.2 2509.26 2932.35 1996.1 2457.2 3094.79 3581.39 1601.6 1786.59 2179.48 2250.12 3462.07 5722.39 3179.97 2264.42 2372.99 2681.35 3465.95 2926.04 3957.36 2785.51 1481.25 1288.86 1555.45 3313.21 4148.17 4557.35 2009.03 3393.82 4143.57 3449.9 3169.57 2887.73 2834.24 1732 1205.01 1482.72 1663.2 2878.14 3541.16 2788.33 2126.37 3233.59 3264.28 3487.74 3022.25 3659.68 2306.16 1240.82 1074.15 1368.7 2598.37 3207.8 5145.69 2574.39 1191.22 751.069 1847.2 3616.66 6653.86 2222.5 1390.82 1585.44 1464.6 2469.61 2810.73 3503.56 1667.12 767.818 669.627 1883.88 3138.51 4114.68 1317.55 1149.32 1997.52 1668.33 995.151 894.263 1293.48 896.634 
1520.38 1521.51 1517.87 1402.33 1516.92 1399.89 1455.91 1460.73 1618.8 2081.86 2955.16 4204.39 8348.31 6352.83 2266.77 3057.24 4319.85 5650.92 2925.93 1937.62 1626.01 2231.59 2733.82 2492.03 1578.04 0 1001.49 3846.73 2592.46 2833.15 3053.07 2482.17 1396.59 1787.36 2824.56 2664.96 2705.76 1873.35 353.621 1485.85 3306.1 2659.44 3056.28 3322.39 2367.73 1866.1 1781.92 2444.55 3411.2 3393.38 3412.42 3166.76 2445.45 2138.72 2784.36 3882.25 4579.79 2300.64 1482.66 2013.43 2830.83 3398.29 3821.11 3552.48 1353.48 1645.18 3407.3 3008.74 4035.62 3598.19 3658.13 3853.32 2909 3344.65 3132.79 3380.05 2961.78 2228.79 2003.47 2760.5 3640.02 3905.34 5420.52 5797.16 4082.66 3689.52 2951.7 2624.79 2418.55 2943.92 3046.96 1642.06 1621.36 2205.63 2388.89 3922.13 4736 3889.98 3966.72 2738.13 2950.8 3058.27 3164.61 2819.16 2153.14 1325.69 1689.33 3514.2 3653.26 3490.74 3027.91 305.674 1608.02 4443.4 2726.4 3239.38 3232.18 2016.84 1772.22 2056.11 2804.44 3529.89 3246.42 2235.26 290.084 1332.38 2659 2617.95 3359.08 4350.11 3192.85 1800.26 1367.6 1485.31 1846.01 
2669.79 2677.43 2695.52 2489.96 2626.43 2444.16 2533.34 2548.57 2571.2 2665.74 3635.21 5847.2 11185.5 8721.52 3979.21 5064.5 6829.12 8423.22 5148.64 3080.69 1857.7 1953.58 3335.21 3680.84 3243.2 1001.49 0 1367.23 1694.23 3898.56 4522.8 3958.83 2193.28 1437.64 1669.87 2835.67 3846.71 3793.04 938.655 498.855 1307.92 2071.2 4219.74 5069.97 3953.53 2966.9 1533.92 1834.27 4661.51 5765.1 5610.95 4869.71 3144.62 1988.92 2850.52 4603.96 6067.67 3804.16 1857.45 1277.45 1759.01 4232.37 6011.99 5842.6 2823.96 1594.08 2042.02 2988.26 5904.56 5928.87 4962.6 4416.88 2452.39 2065.57 2593.46 4469.6 4545.63 3409.01 2511.75 2126.52 2862.5 5556.7 8601.95 8543.53 5655.66 3935.46 2327.81 1716.79 2474.26 4231.68 4880.99 3138.2 1851.29 1476.01 2277.42 5781.95 7442.1 5582.17 4524.51 2039.11 1588.12 2835.13 4424.38 4618.51 3798.34 2112.5 985.392 1811.45 3414.02 4389.54 5099.59 1377.22 312.656 1870.44 2298.8 4800.82 5294.68 3559.97 2385.79 1593.68 2069.15 4150.91 5006.39 4335.7 1106.88 326.31 1260.37 3291.61 5478.72 7010.89 5367.57 3480.23 2674.89 2927.8 3423.18 
5216.65 5212.86 5279.22 5011.36 5163.52 4893.06 5006.01 5041.2 4980.64 4834.45 5907.73 8495.62 14582.6 12090.1 7096.06 8283.04 10445.6 12255.2 8905.63 5794.19 3587.2 2470.82 4864.74 5878.88 6003.22 3846.73 1367.23 0 1478.89 5687.81 6754.1 6687.9 4732.88 2732.82 1384.7 3642.44 5446.84 6585.78 3185.66 1583.21 522.665 2339.16 6071.4 7667.26 6943.34 5886.4 2875.67 2133.32 6940.47 9108.57 9091.15 8336.32 5409.9 3266.73 3841.04 5730.59 7974.96 6683.99 4108.09 2146.49 1460.23 5771.29 8914.23 9301.2 6339.77 3708.67 2021.52 4015.56 8766.69 9472.59 8242.56 6752.23 3686.88 1566.92 2719.55 6400.85 7222.48 6208.34 4954.3 3116.79 3001.32 7793.34 12511.6 12443.5 9173.13 5852.11 3435.36 2032.75 3577.55 6440.53 7862.41 6519.28 4220.95 2200.62 3334.93 8698.39 11271.1 9085.75 6917.04 3185.14 1342.79 3486.76 6600.41 7547.67 7165.26 4988.77 2115.2 1064 4209.38 6310.01 8252.82 4316.87 1071.2 232 2585.57 7057.16 8450.56 6855.23 4814.28 2558.82 2021.59 5659.24 7753.43 7670.23 3975.53 1218.31 823.924 4737.06 8311.03 10760.2 8933.93 6400.06 5188.79 5967.04 6574.98 
2308.78 2317.1 2371.76 2284.5 2272.47 2166.84 2179.25 2185.84 2045.07 2145.32 3016.98 4949.2 10811.3 9205.19 4038.4 4287.53 5875.74 7707.01 5280.79 3237.03 1753.63 902.915 1447.48 2234.14 2756.19 2592.46 1694.23 1478.89 0 1846.14 3088.99 3529.59 2624.15 1493.25 820.532 921.024 2128.59 3259.84 2082.35 1532.52 1236.33 265.412 2162.62 3950.15 3810.45 3349.58 1593.63 653.412 2650.79 4602.47 5354.23 5206.1 3130.99 1658.03 1296.05 2492.13 4564.99 3849.39 2524.64 1389.92 483.871 1870.53 4358.44 5607.5 3926.09 2481.51 1936.76 1446.8 4382.68 5429.57 5215.1 4354.63 2043.56 1031.12 539.284 2443.67 3586.43 3447.15 3137.1 2071.46 1623.62 3506.62 7427.65 8313.36 5957.03 3562.52 1989.67 924.96 835.877 2530 4249.72 3756.65 2625.12 1384.53 1093.53 4258.87 6900.52 5987.3 4503.54 2006.93 805.425 779.53 2553.17 3761.91 4076.88 3173.83 1525.12 1043.37 1369.5 2569.29 4523.15 2940.56 1509.46 1694.19 327.8 2875.89 4585.39 3831.74 2771.56 1335.12 623.77 1886.69 3558.43 4308.46 2644.79 1194.88 697.753 1317.19 3756.7 6384.14 5197.5 3091.19 2237.07 2835.58 3111.94 
1171.42 1200.65 1230.67 1391.56 1161.09 1309.02 1201.92 1169.28 927.967 1456.63 2063.24 2515.21 7205.89 7033.92 2237.28 1287.32 2015.16 3468.23 2501.02 2257.67 1984.85 2132.41 785.881 812.119 1051.92 2833.15 3898.56 5687.81 1846.14 0 813.396 1595.56 2225.56 2499.62 3265.97 978.402 1014.98 1632.55 2967.17 3967.06 4986.23 1406.18 98.1764 1342.65 1810.93 2490.93 2512.99 2355.45 394.44 1251.66 2360.58 3143.26 2663.63 2436.85 914.896 1084.71 2302.45 2218.08 2652.01 2839.46 2661.59 279.699 1091.09 2600.62 2758.69 3424.26 4856.56 1915.96 1188.83 2216.08 2852.63 3262.18 2470.94 3014.05 1504.42 398.933 1194.96 1855.59 3186.86 3430.48 3420.83 984.14 2987.29 4242.36 3508.86 2901.59 2609.68 2351.7 841.693 322.48 1616.44 2202.94 2989.76 3116.02 2027.88 1229.89 3091.22 3529.14 3373.87 2836.62 2778.3 1080.32 376.558 1110.05 1970.2 3028.87 3260.39 4473.44 1665.49 1068.21 1946.25 3038.66 4088.37 6346.86 1125.95 380.507 1707.49 1946.8 2626.54 2590.83 2665.39 773.431 1136.19 2042.85 2860.88 3462.19 3788.2 497.374 758.673 2689.35 2402.53 1302.54 974.485 1509.33 1267.4 
1856.86 1891.84 1915.71 2135.27 1867.61 2105.28 1988.24 1929.86 1588.63 1964.71 2469.93 2468.85 5709.41 5517.56 1997.66 1271.93 1130.41 1660.62 1714.15 2348.42 2692.2 3036.88 1936.67 1473.99 1197.8 3053.07 4522.8 6754.1 3088.99 813.396 0 601.602 2658.41 3505.6 4633.8 2285.82 1576.48 1494.37 3536.93 5255.69 6624.01 3011.08 661.631 145.1 904.68 3022.01 3531.26 3568.71 1410.54 635.926 1073.51 3010.19 3272.67 3613.61 1807.99 1027.13 734.268 1273.95 2980.28 3587.53 3806.17 1356.19 465.972 899.769 2822.49 4558.35 6496.99 3162.34 1378.4 1080.17 1883.93 3386.28 3199.85 3706.98 2574.69 902.535 267.707 1067.74 3855.08 4419.67 4413.63 1585.65 2048.69 2314.92 3032.27 3211.45 3449.35 3490.34 2092.96 682.354 402.835 1867.53 3997.31 4503.69 3506.3 2032.78 2160.21 2259.9 3387.8 3856.05 3970.42 2254.08 1058.37 313.398 1204.91 3887.53 4609.11 6259.11 3659.23 2065.28 1486.66 3317.1 4669.26 7674.6 2549.15 507.368 355.714 1387.98 3511.23 3926.79 4288.65 2338.84 1274.1 1630.01 3375.65 4462.28 5494.85 1929.43 843.233 1231.62 1894.86 1882.73 1412.28 2093.61 1921.58 
1881.71 1914.57 1926.57 2099.94 1880.73 2101.98 2022.5 1959.75 1643.9 1790.34 2150.15 2639 6259.72 5428.79 1698.91 1366.37 1459.09 1588 987.72 1809.65 2542.45 3321.06 2641.2 1998.82 1270.18 2482.17 3958.83 6687.9 3529.59 1595.56 601.602 0 1868.62 3094.37 4754.8 3050.42 2358.27 1492.98 3010.86 4796.99 6510.65 3500.4 1454.45 582.227 122.185 2236.27 3140.09 3665.52 2051.86 1079.85 594.272 2113.49 2755.75 3455.08 2394.65 1999.34 1177.55 386.913 2129.84 3146.36 3928.51 2197.38 1232.08 503.415 1741.68 3860.06 6243.84 3429.24 1869.63 1234.32 997.392 2489.3 2855.9 3872.28 3179.85 1662.77 549.473 250.433 2960.77 4021.67 4528.87 2172.07 2606.47 2124.41 1988.87 2461.88 3016.09 3416.05 2558.85 1451.73 480.583 795.976 3212.74 4204.47 3573.93 2539.54 2563.86 1612.42 2439.06 3415.59 4187.93 2916.1 1769.71 566.083 307.112 3049.61 4287.06 6451 4459.53 2925.54 1411.83 2734.65 4252.84 7588.23 3205.58 1267.99 494.619 392.461 2744.8 3761.27 4692.2 3305.35 1869.01 1213.59 2793.21 4088.52 5619.19 2772.54 1625.99 1170.18 1061.92 1656.03 1488.02 2021.59 1918.68 
1100.97 1105.56 1123.15 1005.91 1111.52 1000.49 1066.75 1073.48 1096.78 1218.31 1808.7 3083.31 8265.86 6966.95 2206.73 2556.23 3881.91 5256.41 1748.36 522.604 799.143 2031.46 2468.18 2098.02 1914.61 1396.59 2193.28 4732.88 2624.15 2225.56 2658.41 1868.62 0 760.104 2472.96 2428.16 2830.34 2306.95 1259.8 1908.46 3512.99 2280.83 2452.75 2981.28 1605.72 205.965 782.263 1868.03 2398.75 2594.81 2661.38 1121.57 935.356 1475.77 2523.59 3722.64 4392.38 1318.88 171.919 1076.95 2355.25 2635.12 3353.42 3326.48 592.51 972.077 3051.1 2197.15 3115.15 3082.54 2450.84 1144.82 1289.08 2673.21 2666.97 2570.03 2393.44 1485.71 435.391 1610.11 2849.03 3042.66 4998.14 5419.76 1878.5 1054.91 1433.86 2010.49 1908.45 2319.77 2716.01 845.282 497.949 1486.46 1600.63 2744.87 4142.85 3235.76 1267.57 1590.93 2726.92 2708.99 2527.31 2451.56 1570.01 365.448 1469.57 3709.76 3319.06 3088.21 3673.01 1693.98 2694.31 5348.9 2398.27 2528.17 2785.07 1008.07 149.786 1176.73 2544.18 3036.16 2924.53 2919.13 1299.33 1986.29 3081.92 2326.68 3012.65 4176.54 2355.39 928.086 1138.86 1361.86 1569.03 
1360.91 1357.59 1391.31 1231.04 1352.01 1178.18 1257.94 1285.45 1399.08 1773.81 2695.4 4396.71 9798.72 8042.25 3103.44 3784.15 5677.69 7572.8 3842.72 1583.78 631.675 1305.65 2272.06 2309.59 2469.54 1787.36 1437.64 2732.82 1493.25 2499.62 3505.6 3094.37 760.104 0 864.876 1708.22 2782.26 3040.53 1287.9 885.176 1639.37 1266.3 2805.06 4140.42 3060.01 1321.84 347.7 1107.5 3011.2 4164.39 4303.96 2590.32 1057.98 929.067 2349.65 4152.56 5678.16 2854.37 693.18 309.462 1210.63 2869.26 4781.73 5141.66 1967.93 967.615 2011.89 2159.43 4308.02 4687.33 3899.77 2057.06 743.947 1521.5 1983.9 2985.86 3380.82 2577.44 1173.15 1265.98 2431.17 3944.15 6907.02 7357.32 3428.91 1465.83 833.511 1038.36 1553.6 2879.65 3967.51 2187.1 792.659 702.242 1194.58 3615.66 5556.32 4519.56 2268.08 874.422 1547.04 2275.32 3060.03 3608.99 2982.72 1055.15 457.023 1783.39 2377.37 3133.74 4755.74 2352.94 1776.88 3137.92 1557.91 3256.17 4228.81 2458.49 704.862 185.435 1276.85 2819.85 3728.52 4028.6 1870.84 1094.35 1507.07 2064.53 3923.53 5987.74 4127.75 1885.05 1567.35 1918.97 2145.87 
2559.67 2538.53 2595.69 2367.78 2545.69 2282.25 2382.25 2426.97 2540.08 2911.08 4240.52 6215.28 11540.5 9458.47 4460.76 5363.77 7547.71 9654.04 6129.85 3320.53 1590.66 932.889 2783.81 3431 3799.6 2824.56 1669.87 1384.7 820.532 3265.97 4633.8 4754.8 2472.96 864.876 0 1491.05 3072.73 4097.43 1927.14 1118.21 732.082 1054.48 3659.89 5465.06 4892.02 3291.28 1207.74 732.978 4268.64 6117.05 6495.14 5058.39 2671.3 1335.72 2405.54 4325 6579.31 4756.29 2259.18 878.546 492.436 3526.52 6267.33 7122.62 4023.76 2067.3 1556.82 2547.67 6024.62 6752.88 6271.03 4275.6 1812.06 1088.65 1764.77 4119.49 4961.09 4394.35 2765.2 1837.22 2099.41 5183.16 8940.72 9591.78 6094.54 3479.4 1992.01 1170.04 1950.76 4022.84 5679.52 4291.02 2289.92 973.551 1539.04 5464.46 7818.02 6667.73 4520.08 1925.6 1130.63 2323.12 4235.35 5303.27 5083.81 2794.61 930.725 585.855 2386.44 4026.49 6331.51 3293.32 1740.23 1602.31 1415.75 4363.93 5974.31 4571.38 2363.9 641.557 380.214 3315.34 5131.61 5721.88 2875.8 1225.84 573.271 2417.38 5162.91 7916.81 6203.39 3527.18 2719.61 3186.34 3666.46 
1469.49 1481.87 1522.32 1541.93 1439.54 1419.12 1378.06 1387.42 1383.15 2111.62 3236.29 4594.02 9599.32 8449.5 3314.11 3160.43 4535.62 6441.7 4495.82 3002.03 1810.71 1377.73 678.695 1134.64 1656.85 2664.96 2835.67 3642.44 921.024 978.402 2285.82 3050.42 2428.16 1708.22 1491.05 0 714.409 1906.69 2108.11 2423.94 2892.75 687.48 1394.22 3136.3 3380.47 3101.71 2185.62 1637.64 1618.65 3374.28 4569.79 4499.45 3008.39 2143.72 1415.96 2411.63 4336.24 3748.07 2843.7 2212.57 1662.92 1172.5 3207.52 4840.28 3601.31 2981.81 3686.86 2167.16 3428.47 4530.37 4948.32 4320.16 2351.66 2433.14 1390.86 1808.72 2913.13 3291.27 3415.48 3056.94 2926.9 2581.07 5669.64 6948.5 5158.12 3634.44 2528.9 1903.72 999.782 1698.72 3446.29 3344.62 2844.06 2359.08 1666.28 3080.62 5432.81 5391.81 4430.09 2539.5 2128.13 1200.12 1678.67 2913.38 3576.2 3081.6 2143.86 2466.45 879.976 1284.56 3121.76 2775.67 2828.29 4038.61 754.427 1983.89 3624.87 3314.63 2656.9 1622.28 1204.9 742.459 1919.74 3045.12 2580.69 2255 1953.09 398.779 1963.41 4522.19 3724.54 1907.25 1454.22 1798.33 1715.42 
1549.57 1568.8 1601.53 1718.24 1556.15 1606.78 1526.79 1526.81 1614.33 2645.81 3724.31 4350.56 7818.23 6801.09 2819.23 2785.4 3566.49 4851.21 3664.95 3083.64 2387.54 2234.63 1090.4 781.815 1060.92 2705.76 3846.71 5446.84 2128.59 1014.98 1576.48 2358.27 2830.34 2782.26 3072.73 714.409 0 710.557 2381.51 3680.9 4750.63 2004.37 1293.13 2262.96 2801.38 3468.3 3323.39 3154.2 1999.61 2334.03 3502.94 4339.84 3746.17 3432.83 2263.72 2287.26 3309.25 3231.55 3572.63 3527.83 3250.95 1678.41 2087.86 3447 3668.24 4188.55 5700.28 3484.88 3052.29 3638.59 4654.02 4943.54 3628.7 3838.61 2589.43 1764.34 2283.86 3143.97 4332.01 4553.71 4304.73 2355.86 4092.35 5353.14 4857.9 4484.62 3887.27 3365.66 2065.54 1566.09 2489.9 3174.42 3830.27 3897.59 3136.86 3090.34 4397.28 4715.2 4891.95 3949.47 3675.46 2215.55 1559.39 2131.34 3098.73 3786.68 3487.33 4433.39 2158.16 1168.4 1733.49 2591.5 3782.94 5888.82 1865.4 1491.63 2599.49 2984.5 3359.51 2917.99 2799.38 1344.65 964.009 1819.4 2708.01 3291.01 3499.93 931.111 899.205 2627.1 2600.01 1510.51 1240.61 1663.18 1390.77 
