0 0.802369 1.47276 15.6567 2.23939 11.3402 4.21754 2.78578 7.63602 191.076 1230.41 1515.93 1992.63 2792.02 500.597 323.198 935.458 1409.97 822.486 655.043 631.311 877.944 823.868 784.042 550.521 501.751 694.743 1349.65 861.921 545.74 751.078 716.128 589.269 652.327 993.173 627.29 720.159 695.187 398.083 814.954 1381.29 791.001 574.945 763.399 643.986 691.73 775.91 893.345 839.029 752.42 907.277 661.811 472.972 469.39 603.255 1118.49 1433.87 921.572 753.494 880.517 1018.01 863.191 1029.77 1240.77 731.408 737.297 1362.86 1407.98 1082.91 1190.77 1089.82 894.226 623.88 1139.83 1147.6 892.335 802.254 633.573 960.245 1123.35 1953.66 1441.6 853.458 1309.06 762.925 763.64 919.516 774.955 667.213 524.435 864.072 633.583 751.794 851.741 885.009 638.221 1012.88 1413.68 847.453 689.405 645.42 980.463 834.629 689.237 593.64 718.764 534.916 892.995 720.884 808.202 1149.83 729.036 1081.98 1928.1 764.405 595.854 936.782 591.594 769.572 720.726 892.297 789.855 877.305 1008.83 554.704 1028.19 1118.9 558.826 688.043 1285.81 813.307 376.892 201.198 203.468 139.553 167.015 
0.802369 0 1.09485 12.0936 2.37765 8.32055 2.63554 1.8191 8.84368 197.688 1253.29 1546.34 2027.36 2817.43 512.86 339.035 961.368 1443.41 840.487 657.437 626.096 865.53 830.78 797.071 563.849 505.481 689.944 1329.46 853.804 559.078 773.365 737.667 589.422 640.652 965.922 620.322 725.51 703.802 390.656 802.2 1359.27 785.675 591.579 785.828 663.096 694.482 770.74 881.116 860.023 781.902 937.961 669.688 471.407 461.599 611.809 1138.25 1462.62 939.674 752.036 870.986 1004.17 880.223 1061.44 1274.67 741.269 733.72 1348.53 1417 1118.26 1227.31 1120.56 893.667 614.509 1133.51 1155.79 920.761 829.817 652.867 957.821 1121.67 1956.83 1467.37 880.266 1342.14 776.43 766.087 921.768 776.147 674.493 545.709 894.247 650.715 751.768 843.55 880.58 660.82 1045.86 1444.79 853.874 685.135 642.981 993.537 860.732 716.994 614.084 717.176 523.432 867.216 719.855 824.872 1178.64 733.869 1078.1 1905.27 763.496 617.619 964.769 608.133 765.082 703.296 867.96 799.845 901.217 1031.51 558.894 1023.98 1100.18 561.363 707.638 1314.74 826.187 383.482 210.558 209.624 146.006 168.986 
1.47276 1.09485 0 12.1296 2.87965 11.0863 4.97062 3.33523 10.2054 205.875 1277.78 1565.64 1996.68 2781.06 498.793 325.508 934.986 1411.65 821.788 654.488 633.321 884.394 842.314 808.817 570.799 505.837 707.694 1379.22 893.18 574.958 778.574 739.649 602.313 669.4 1006.65 648.476 744.914 704.86 396.512 832.946 1412.81 824.782 603.821 781.741 659.865 703.994 797.025 915.103 872.794 782.475 931.804 662.8 478.875 479.292 633.837 1163.98 1474.06 942.751 765.832 898.081 1044.83 900.202 1062.14 1261.18 732.784 748.651 1390.49 1454.5 1131.8 1225.56 1121.93 903.356 631.614 1175.61 1195.86 936.32 830.229 654.095 973.829 1150.07 2003.37 1497.22 875.445 1318.93 769.946 785.929 954.608 811.929 697.179 551.188 885.689 645.327 769.05 876.824 915.767 671.055 1027.8 1427.68 865.161 711.373 675.734 1025.29 880.592 717.005 604.523 721.196 545.992 906.15 747.776 848.991 1177.71 727.058 1108.22 1966.77 796.829 621.171 953.824 605.469 782.223 733.075 902.066 818.583 912.649 1026.78 556.619 1057.51 1147.22 577.618 705.001 1294.55 816.927 390.395 210.779 194.353 139.703 170.612 
15.6567 12.0936 12.1296 0 18.9789 3.6926 10.0238 11.5071 34.816 202.658 1292.96 1609.15 2083.07 2836.34 531.631 408.219 1077.88 1579.81 838.556 586.571 557.698 793.998 905.881 890.749 656.547 483.376 644.496 1278.3 878.324 668.567 907.662 832.436 532.732 592.973 902.845 672.522 815.746 756.547 329.743 720.921 1276.95 832.723 714.663 910.927 727.715 623.62 703.353 830.387 976.823 893.638 1040.97 623.502 434.241 420.499 660.432 1236.06 1588.26 951.126 681.15 810.309 968.198 989.257 1190.55 1382.92 696.826 639.334 1244.01 1432.16 1246.16 1356.87 1230.34 851.336 600.035 1114.1 1207.72 1058.13 951.639 729.024 864.746 1042.67 1898.03 1561.48 1003.53 1490.99 789.251 752.034 946.798 791.422 729.438 661.444 1018.68 672.614 678.54 774.959 860.565 776.517 1177.98 1553.2 821.042 685.06 640.188 1072.78 987.11 842.864 680.899 629.529 454.328 799.329 805.661 968.42 1337.45 708.769 1036.17 1856.68 829.435 731.748 1082.05 648.574 683.439 640.329 804.979 913.576 1040.92 1154.01 531.375 974.506 1041.98 637.275 840.55 1461.94 892.008 396.947 235.921 205.22 192.624 241.53 
2.23939 2.37765 2.87965 18.9789 0 13.9039 5.29585 3.06798 4.49413 192.984 1231.46 1526.22 2069.66 2891.49 534.586 309.713 918.806 1407.59 843.414 678.912 650.569 897.722 813.068 783.797 544.772 511.438 695.102 1351.76 860.262 539.247 765.66 733.529 604.43 661.663 1002.97 620.108 735.209 724.996 412.173 824.876 1395.17 777.76 569.94 778.109 655.708 706.596 790.444 897.946 817.006 776.445 940.884 688.144 484.928 471.269 591.636 1130.61 1465.5 956.808 768.163 890.612 1023.55 848.401 1056.72 1280.85 747.946 747.909 1375.47 1405.42 1092.3 1226.67 1100.17 898.94 617.548 1157.63 1156.25 904.507 829.999 637.091 976.022 1140.91 1978.49 1448.49 879.455 1333.34 783.134 768.651 913.988 772.639 652.692 525.845 892.495 649.587 760.873 860.343 881.857 623.664 1044.38 1451.9 862.679 680.796 643.602 975.56 844.283 709.584 598.142 725.544 541.857 899.51 698.974 803.683 1159.44 740.941 1088.18 1939.43 753.457 610.925 963.67 596.75 779.909 728.925 897.807 771.076 893.802 1018.78 555.788 1036.47 1127.64 540.797 699.824 1307.7 804.656 377.149 216.274 216.673 127.747 147.539 
11.3402 8.32055 11.0863 3.6926 13.9039 0 3.85812 6.2967 24.9196 182.158 1225.1 1541.76 2134.85 2930.52 562.788 404.901 1082.01 1590.77 864.134 603.887 559.592 782.371 859.432 837.03 609.276 480.711 627.187 1221.31 811.902 606.613 867.32 810.651 521.89 560.665 863.777 612.159 755.309 737.359 331.066 688.078 1217.07 755.395 656.627 891.014 720.186 616.944 673.899 791.867 911.268 859.473 1033.28 651.66 438.083 407.059 607.375 1166.29 1542.36 946.592 676.045 784.873 917.352 916.468 1152.91 1386.43 721.245 633.613 1201.09 1357.67 1181.84 1334.49 1208.77 856.132 588.015 1059.02 1131.79 997.975 930.65 714.812 859.118 1010.24 1829.83 1470.41 977.433 1504.85 809.594 731.867 890.773 730.453 674.244 620.418 1011.93 681.079 663.594 736.537 807.11 719.446 1185.28 1583.79 824.629 652.382 590.823 1002.12 917.921 814.356 682.008 638.949 438.237 767.955 739.484 886.837 1293.55 719.934 993.062 1779.14 754.014 695.861 1077.78 642.023 669.707 610.147 773.336 846.95 982.088 1127.18 532.474 925.867 982.657 583.81 809.106 1461.1 884.654 366.559 224.297 233.127 185.841 215.871 
4.21754 2.63554 4.97062 10.0238 5.29585 3.85812 0 0.896397 10.2513 184.674 1226.31 1539.22 2127.3 2935.55 559.157 367.724 1013.06 1518.72 874.266 653.374 604.321 828.121 813.395 780.889 558.157 495.499 667.017 1278.81 814.068 550.303 800.498 776.018 569.767 609.573 920.412 591.161 708.93 708.95 368.375 750.759 1288.19 742.889 593.818 826.716 699.897 671.105 733.02 840.373 853.326 806.952 994.51 695.64 479.039 445.213 596.198 1130.94 1492.25 961.249 736.064 844.325 962.711 865.162 1087.98 1339.26 758.211 704.886 1286.84 1373.55 1134.81 1282.81 1170.91 902.747 611.705 1096.92 1125.72 936.329 872.19 690.119 932.823 1082.83 1896.5 1442.24 917.685 1435.75 823.553 768.552 907.163 747.618 655.59 562.496 950.863 684.331 725.218 799.873 836.075 666.874 1121.86 1538.01 867.61 675.26 610.755 974.518 861.126 750.976 657.552 699.305 495.065 822.133 693.683 808.435 1208.6 730.948 1035.94 1839.82 729.519 638.653 1017.91 634.846 732.562 663.729 819.429 781.803 906.214 1062.1 547.876 975.977 1034.89 539.884 732.034 1377.26 857.305 368.409 218.629 231.959 154.091 173.517 
2.78578 1.8191 3.33523 11.5071 3.06798 6.2967 0.896397 0 7.1648 183.011 1222.41 1531.08 2100.23 2910.93 549.137 344.948 970.284 1469.9 853.881 652.426 609.178 834.484 794.955 765.864 544.159 490.45 671.823 1302.98 822.259 538.328 777.283 755.239 579.284 629.876 951.07 595.688 708.461 703.377 377.191 772.949 1323.71 751.235 576.556 797.39 678.398 678.77 750.71 855.04 834.526 784.792 969.199 693.618 488.091 461.708 591.766 1116.15 1465.29 948.786 745.178 860.918 981.217 850.955 1061.11 1306.81 752.035 719.934 1318.88 1378.84 1115.42 1254.68 1145.96 904.914 621.465 1114.6 1126.9 915.169 846.041 668.117 946.794 1102.18 1911.99 1431.31 894.412 1397.22 815.863 778.298 921.526 760.117 648.533 541.304 920.299 670.843 740.09 822.987 848.193 652.914 1091.38 1504.96 870.067 689.83 624.533 965.836 846.123 726.116 633.736 707.432 513.876 849.491 692.559 799.491 1180.91 722.595 1043.71 1871.06 731.88 617.402 985.764 618.245 746.745 686.826 840.169 768.378 889.184 1038 542.471 989.801 1061.27 530.696 710.041 1343.12 839.476 370.375 211.968 219.665 141.628 166.735 
7.63602 8.84368 10.2054 34.816 4.49413 24.9196 10.2513 7.1648 0 185.182 1194.69 1497.74 2125.13 2975.83 566.58 296.496 883.578 1383.82 870.624 718.431 672.286 905.387 744.245 706.75 485.416 515.818 713.006 1366.17 828.473 471.538 705.846 715.92 634.294 686.574 1028.77 577.951 675.499 699.454 437.264 846.87 1410.22 731.693 501.261 730.582 652.383 737.653 813.924 910.579 747.035 728.405 929.473 748.928 536.55 507.021 562.018 1067.08 1411.23 968.6 810.055 923.642 1032.32 776.277 993.947 1265.04 794.189 796.096 1410.86 1376.19 1040.62 1194.42 1083.54 948.724 646.923 1158.07 1112.55 837.983 786.293 629.082 1025.35 1173.61 1974.43 1376.48 835.054 1325.9 831.91 808.386 921.611 766.033 613.352 472.55 861.913 671.945 801.833 887.647 873.435 574.302 1030.51 1464.42 910.808 705.241 641.276 921.842 773.519 658.481 600.182 774.467 580.375 927.194 637.893 708.784 1087.24 748.484 1085.68 1941.45 699.232 559.525 927.397 601.236 815.005 751.372 908.609 689.772 811.853 969.318 564.063 1038.3 1127.1 480.832 639.391 1265.92 803.537 371.814 215.126 238.585 112.381 123.946 
191.076 197.688 205.875 202.658 192.984 182.158 184.674 183.011 185.182 0 568.43 948.746 2224.72 3242.33 724.705 390.716 979.698 1438.55 690.143 453.951 461.905 630.838 669.316 629.937 462.21 374.819 500.963 1084.73 648.789 460.037 692.434 613.008 382.84 523.256 912.917 577.964 703.458 746.899 339.068 580.16 1106.26 613.689 517.609 778.919 545.097 426.318 493.716 608.165 651.235 619.364 870.242 668.286 499.951 455.054 361.763 754.45 1170.19 660.085 501.657 631.719 708.313 622.738 878.098 1211.55 632.464 481.21 933.031 863.863 793.916 1094.02 1005.1 869.394 660.846 784.24 743.985 724.295 785.454 524.601 645.38 667.607 1185.17 958.665 903.776 1570.04 890.995 664.64 743.985 519.201 444.714 483.936 912.641 555.651 498.995 574.55 587.929 582.65 1263.5 1673.41 804.771 722.41 453.417 652.812 628.063 670.883 568.368 584.447 469.446 876.002 720.631 711.197 1130.14 643.404 655.887 1527.16 579.757 555.22 947.264 462.636 535.044 616.074 792.757 729.052 797.025 1032.39 431.48 635.067 869.844 560.404 810.901 1470.62 840.027 264.983 203.127 386.956 310.561 438.952 
1230.41 1253.29 1277.78 1292.96 1231.46 1225.1 1226.31 1222.41 1194.69 568.43 0 206.889 2992.83 4635.78 1706.71 1043.7 1498.31 1913.08 1134.37 884.619 1016.09 1154.98 1069.62 967.263 828.206 876.629 918.833 1461.27 1034.34 872.947 1114.22 972.679 762.853 1006.08 1629.15 1199.25 1335.63 1547.65 1100.17 1052.38 1542.25 971.741 941.118 1357.93 982.234 752.558 757.117 915.122 783.539 870.73 1232.91 1311.99 1175.34 1192.67 587.934 696.487 1247.11 860.035 773.11 933.142 964.274 710.121 1125.32 1670.79 1165.99 839.584 1063.33 530.273 557.22 1221.89 1135.7 1408.62 1483.74 1044.66 654.711 847.538 1253.05 874.445 880.064 650.103 677.384 473.462 1337.12 2341.97 1651.33 1065.89 969.744 690.834 598.048 897.293 1540.37 1044.75 796.11 839.212 810.28 817.987 2016.71 2528.62 1352.1 1383.78 938.035 678.392 707.073 1099.01 1061.95 1104.01 1110.82 1754.05 1398.1 1096.75 1577.54 1314.65 753.241 1620.04 846.857 1073.22 1509.35 836.233 899.008 1199.15 1566.4 1245.48 1202.48 1606.87 1008.73 744.701 1258.6 1162.77 1594.96 2293.6 1451.2 704.978 781.883 1429.47 1225.4 1439.23 
1515.93 1546.34 1565.64 1609.15 1526.22 1541.76 1539.22 1531.08 1497.74 948.746 206.889 0 2495.67 4423.9 1839.55 1104.22 1439.83 1771.58 1142.16 1027.65 1329.99 1610.48 1446.45 1315.17 1079.14 1106.6 1217.54 1949.36 1502.63 1141.44 1250.78 1084.39 999.055 1327.94 2151.09 1670.33 1733.09 1885.63 1511.16 1498.18 2102.82 1415.61 1137.18 1456.74 1095.93 965.295 1039.1 1297.12 951.151 868.883 1159.09 1304.22 1306.32 1525.78 858.617 840.751 1286.94 940.083 943.904 1220.95 1392.69 939.484 1147.41 1636.89 1272.22 1090.94 1489.5 776.585 402.475 1032.24 1013.16 1443.45 1851.12 1495.81 942.498 906.782 1331.13 969.548 1077.49 915.066 1013.51 521.834 1191.03 2134.6 1617.63 1178.66 1177.4 978.596 837.811 978.375 1585.76 1156.63 1006.78 1155.74 1179.21 809.191 1778.04 2418.67 1447.4 1631 1345.76 951.433 820.094 1156.91 1112.29 1284.62 1425.3 2296.13 1896.07 1462.35 1748.58 1650.74 1144.71 2128.26 1207.39 1200.58 1577.2 953.791 1141.4 1580.4 2124.29 1639.64 1462.39 1799.51 1319.44 1105.89 1744.95 1503.89 1780.92 2400.93 1619.66 914.495 891.129 1637.46 1504.57 1718.46 
1992.63 2027.36 1996.68 2083.07 2069.66 2134.85 2127.3 2100.23 2125.13 2224.72 2992.83 2495.67 0 568.549 1075.39 1752.7 1654.04 1271.13 1164.18 1765.5 2368.84 2949.06 2991.34 2769.6 2463.14 2082.06 2785.54 4226.86 3563.84 2636.07 1683.41 1402.92 2469.08 3095.79 3936.96 3363.4 2614.25 1882.99 2405.78 3479.14 4619.14 3869.4 2394.66 1437.54 1458.8 2532.51 3050.69 3419.16 3013.18 1327.97 900.826 1493.73 2138.64 2876.89 2899.68 2480.66 1716.27 1445.34 2471.85 3042.14 3598.33 3075.93 1463.15 847.13 1791.39 2766.76 4071.84 3743.6 1953.09 1004.69 1726.62 2550.68 2982.45 3458.44 3254.91 1988.35 1309.64 1664.66 2806.96 3149.66 3988.59 3132.4 1256.91 833.22 1508.55 2646.52 3311.59 3301.23 3014.53 1834.04 1001.79 1516.38 2822.21 3420.59 3668.87 2516.14 756.929 1013.33 2365.28 3238.97 3294.47 3097.42 2286.56 1422.88 1407.49 2654.83 2932.78 3894.83 3787.03 3120.84 2056.13 2213.06 3292.5 4811.99 3457.61 1595 1146.93 1724.58 2973.55 3409.16 3867.42 3402.09 2244.03 1994.04 2372.52 3424.89 4163.97 3211.18 1773.37 1443.81 2099.37 2305.59 1461.96 1380.37 2114.3 2578.27 
2792.02 2817.43 2781.06 2836.34 2891.49 2930.52 2935.55 2910.93 2975.83 3242.33 4635.78 4423.9 568.549 0 1289.04 2923.4 2873.28 2298.14 2050.36 2767.17 3347.16 3847.04 4159.03 3878.43 3635.31 3026.36 3777.93 5138.26 4582.33 3900.78 2659.32 2185.8 3538.1 4218.63 4802.63 4416.22 3431.95 2330.82 3049.09 4489.99 5584.83 5128.72 3690.99 2307.64 2292.45 3737.38 4291 4555.56 4627.51 2487.05 1700.89 2354.67 3106.68 3799.87 4230.66 3816.48 2663.6 2227.9 3625.8 4221.94 4716.32 4614.62 2549.59 1395.81 2613.54 3873.28 5189.51 5294.99 3609.31 2044.83 2835.68 3700.77 3945.1 4546.92 4540.92 3276.29 2102.26 2625.78 4013.06 4493.15 5475.17 4893.09 2360.8 1490.4 2273.16 3842.06 4684.65 4607.97 4383.86 3089.94 1674.05 2261.85 4029.3 4636.95 4931.56 4156.08 1713.13 1412.7 3270.88 4354.64 4402.26 4385.4 3603.39 2319.4 2268.48 3775.3 3906.01 4568.12 4859.57 4295.94 2863 2842.66 4397.86 5763.42 4736.23 2672.71 1839.5 2686.37 4215.96 4486.94 4715.69 4661.01 3184.19 2686.81 3277.15 4608.94 5170.79 4448.65 2646.89 1872.89 2910 3556.05 2455.02 1968.16 2981.77 3537.19 
500.597 512.86 498.793 531.631 534.586 562.788 559.157 549.137 566.58 724.705 1706.71 1839.55 1075.39 1289.04 0 644.235 1057.83 1171.72 653.75 853.802 1134.07 1516.86 1553.62 1403.17 1112.35 855.302 1237.13 2139.35 1671.65 1244.23 927.326 610.753 1011.94 1395.92 1851.58 1503.19 1268 782.128 774.036 1621.7 2357.3 1797.62 1219.26 819.289 602.28 1174.41 1460.56 1625.09 1604.6 865.635 586.993 629.109 768.759 998.374 1243.4 1545.45 1335.23 721.03 1148.89 1513.51 1775.9 1634.99 1094.79 704.188 703.939 1217.7 2046.53 2071.28 1355.66 882.266 952.419 1269.66 1259.4 1848.45 1749.27 1213.92 708.298 678.266 1408.6 1694.73 2607.89 2067.09 881.09 817.292 632.038 1184.55 1601.42 1497.92 1351.38 940.364 629.135 498.134 1262.91 1565.28 1684.78 1299.27 791.181 797.02 1002.87 1371.76 1403.51 1570.51 1248.5 690.06 520.889 1178.52 1168.73 1659.12 1638.76 1534.03 1190.47 877.33 1726.81 2730.87 1628.99 913.376 712.182 661.956 1410.1 1535.44 1758.59 1673.22 1201.9 1002.48 939.72 1754.28 2030.33 1460.98 988.159 937.344 893.868 962.095 495.439 313.148 621.488 850.591 
323.198 339.035 325.508 408.219 309.713 404.901 367.724 344.948 296.496 390.716 1043.7 1104.22 1752.7 2923.4 644.235 0 267.668 668.947 591.822 792.506 997.634 1334.51 805.421 795.595 496.2 641.772 1028.12 2068.85 1320.58 539.631 560.482 550.005 884.401 1198.85 1816.26 987.961 1052.07 1010.25 883.014 1493.4 2313.16 1176.29 472.61 514.924 471.02 940.134 1222.5 1347.08 589.778 482.979 646.185 780.359 779.187 945.855 607.407 918.301 1141.54 858.408 994.036 1314.93 1521.69 709.602 714.59 941.381 773.976 1102.3 2015.63 1488.82 639.594 753.724 685.483 1057.2 1051.25 1679.86 1307.82 677.25 597.661 400.585 1257.01 1483.54 2236.5 1201.18 531.929 865.368 803.935 992.108 1202.94 1076.62 667.238 309.288 640.405 572.585 1075.44 1371 1247.87 392.21 657.491 1166.67 1058.06 1117.02 1112.67 1005.89 681.304 462.243 355.878 989.06 1103.71 1756.47 1028.14 877.099 958.637 913.089 1450.14 2733.79 1015.37 465.494 652.168 441.408 1131.55 1348.62 1603.16 845.415 858.821 895.505 712.207 1472.97 1861.64 687.928 625.097 1057.74 704.384 524.668 285.286 353.245 245.508 361.374 
935.458 961.368 934.986 1077.88 918.806 1082.01 1013.06 970.284 883.578 979.698 1498.31 1439.83 1654.04 2873.28 1057.83 267.668 0 198.02 714.221 1320.67 1687.04 2044.19 1005.97 930.887 698.925 1036.21 1723.77 3142.54 2036.63 844.386 510.435 655.031 1693.65 2243.14 3025.72 1628.1 1330.11 1186.35 1547.91 2539.49 3647.05 1975.57 687.93 381.112 636.549 1731.95 2226.07 2281.27 893.51 473.011 677.113 1451.47 1715.45 2029.08 1243.52 1089.26 943.769 1099.3 1812.97 2301.49 2502.79 1046.87 558.598 721.387 1317.79 2043.13 3223.67 2167 843.355 663.298 919.32 1939.4 2028.85 2659.99 1919.24 819.952 592.554 650.46 2185.52 2472.98 3074.37 1509.59 452.639 632.196 1430.14 2004.46 2255.11 2061.92 1225.77 477.838 534.335 977.446 2051.05 2511.15 2169.43 815.217 648.599 1272.59 1970.2 2231.04 2122.79 1474.01 935.217 464.762 538.142 1870.68 2167.21 2954.27 1677.02 1176.5 794.019 1234.7 2112.87 3821.81 1619.62 550.786 463.435 762.79 2086.17 2449.84 2642.27 1206.76 891.77 855.967 1173.41 2308.98 2943.43 1119.48 591.228 713.06 860.939 1053.49 680.018 735.818 601.464 847.597 
1409.97 1443.41 1411.65 1579.81 1407.59 1590.77 1518.72 1469.9 1383.82 1438.55 1913.08 1771.58 1271.13 2298.14 1171.72 668.947 198.02 0 684.394 1625.97 2145.94 2549.62 1488.01 1306.16 1016.96 1289.45 2145.16 3715.51 2579.17 1300.06 681.367 580.003 2127 2855.45 3729.01 2224.58 1569.85 1187.43 1867.22 3121.82 4389.36 2691.42 1104.93 500.917 609.124 2203.54 2859.16 2948.14 1473.63 620.558 552.315 1700.96 2238.88 2719.34 1887.13 1451.59 881.595 1055.97 2275.28 2870.44 3116.81 1605.4 643.082 434.115 1503.13 2601.09 3927.99 2811.94 1158.61 721.127 1049.88 2467.38 2653.2 3217.61 2465.37 1132.31 734.281 750.944 2691.6 3051.12 3618.13 1951.74 600.036 414.15 1603 2580.14 2918.54 2737.3 1872.29 842.473 476.196 1039.72 2623.68 3222.6 2937.32 1382.9 728.061 1149.28 2423.61 2930.53 2791.77 2016.34 1323.92 625.738 564.497 2404.61 2806.74 3681.84 2411.51 1672.73 702.877 1373.97 2490.73 4337.68 2217.28 773.11 461.268 856.091 2668.94 3168.44 3385.96 1817.62 1084.11 750.467 1461.54 2796.16 3626.1 1736.18 723.517 465.329 810.351 1418.81 981.308 1031.12 1016.54 1341.02 
822.486 840.487 821.788 838.556 843.414 864.134 874.266 853.881 870.624 690.143 1134.37 1142.16 1164.18 2050.36 653.75 591.822 714.221 684.394 0 360.51 837.568 1341.64 1424.46 1242.91 897.685 355.23 903.125 2213.43 1854.02 1292.97 946.541 429.421 641.692 1388.78 2257.87 1807.75 1450.32 936.664 676.895 1476.84 2547.67 2031.28 1224.51 832.223 263.75 673.259 1277.61 1718.94 1524.69 663.787 459.244 443.501 1040.39 1500.71 1371.21 1346 1130.36 248.171 739.828 1354.18 1877.4 1564.17 884.616 583.607 262.909 988.344 2089.13 1959.03 1109.14 854.146 745.854 1048.74 1506.87 1895.11 1806.23 1235.54 854.907 403.135 939.335 1381.7 2111.73 1636.23 831.871 942.949 620.361 1261.13 1755.25 1655.84 1416.74 942.884 717.297 235.356 1010.12 1618.42 1866.14 1301.2 971.273 1063.11 1008.85 1712.94 1652.31 1680.4 1290.2 773.255 259.197 780.943 1299.88 2274.25 2181.13 1703.23 1019.14 411.09 1171.3 2753.94 1753.17 894.304 741.254 238.514 987.545 1645.97 2164.43 1876.54 1215.51 741.565 438.707 1335.54 2164.56 1600.4 1059.17 1007.52 501.226 571.73 443.099 534.514 777.872 1159.6 
655.043 657.437 654.488 586.571 678.912 603.887 653.374 652.426 718.431 453.951 884.619 1027.65 1765.5 2767.17 853.802 792.506 1320.67 1625.97 360.51 0 199.28 573.28 1284.88 1238.5 1008.18 277.066 452.743 1314.13 1305.75 1259.62 1246.22 859.393 198.956 557.331 1189.65 1363.34 1429.57 1171.14 367.245 649.353 1386.35 1432.44 1268.84 1227.14 663.646 193.162 446.042 875.14 1478.85 987.108 956.989 311.675 519.956 817.274 1007.77 1303.54 1525.36 474.622 183.474 504.577 988.896 1424.21 1312.54 1294.15 306.161 345.064 1055.34 1399.51 1254.06 1261.38 1115.8 567.961 817.018 974.749 1305.54 1334.87 1166.91 713.689 314.406 518.83 1200.63 1455.26 1277.63 1767.11 727.273 675.099 1050.51 949.193 1070.84 1085.75 1249.44 505.203 395.488 716.475 1138.24 1291.57 1454.94 1659.75 631.839 1047.51 943.007 1416.49 1327.4 1137.32 695.506 307.58 538.03 1324.79 1818.38 1707.03 1718.09 505.675 637.91 1749.68 1323.15 1089.29 1237.85 506.852 323.588 696.931 1215.65 1753.29 1506.96 1399.54 371.089 673.873 1236.73 1407.14 1470.98 1878.68 1045.77 447.318 377.797 575.059 843.145 1151.01 
631.311 626.096 633.321 557.698 650.569 559.592 604.321 609.178 672.286 461.905 1016.09 1329.99 2368.84 3347.16 1134.07 997.634 1687.04 2145.94 837.568 199.28 0 243.755 1020.42 1053.74 962.239 401.193 400.531 999.729 964.573 1116.58 1311.37 1085.56 336.013 303.939 758.345 1031.33 1239.28 1220.52 387.687 376.381 934.219 1039.42 1143.3 1364.92 938.288 371.687 276.534 650.092 1422.16 1169.98 1259.89 685.646 587.54 710.075 898.514 1291.85 1745.01 830.445 340.439 291.163 678.947 1284.16 1483.37 1693.71 708.482 484.258 944.397 1363 1459.15 1590.54 1430.62 742.958 542.863 574.888 1062.37 1300.29 1273.72 939.306 513.7 463.658 1046.77 1433.46 1550.26 2201.84 1081.15 727.554 830.155 717.112 926.328 1105.53 1481.42 845.175 546.822 577.184 956.166 1340.98 1739.09 1970.59 829.671 862.092 668.822 1272.19 1296.37 1288 1014.44 519.567 386.641 970.842 1466.93 1484.35 1879.63 715.958 509.937 1355.19 1009.19 1080.8 1474.45 780.877 410.535 366.594 824.151 1499.86 1466.39 1582.07 547.872 489.869 901.46 1188.73 1497.35 2203.25 1411.08 590.459 476.439 704.552 871.233 1071.77 
877.944 865.53 884.394 793.998 897.722 782.371 828.121 834.484 905.387 630.838 1154.98 1610.48 2949.06 3847.04 1516.86 1334.51 2044.19 2549.62 1341.64 573.28 243.755 0 773.41 971.489 1039.49 690.057 694.257 906.821 622.533 1071.93 1355.09 1295.98 676.42 508.109 559.536 726.432 1062.26 1246.39 582.871 505.969 778.484 770.879 1137.08 1488.7 1252.62 741.738 495.422 421.448 1426.26 1355.6 1604.07 1245.38 987.85 893.99 872.05 1120.13 1658.37 1094.88 690.673 514.128 422.87 1146.85 1555.74 1986.7 1273.48 803.411 922.036 1155.08 1659.49 1888.42 1931.11 1279.05 911.013 460.263 744.919 1323.92 1429.97 1257.09 864.328 670.192 742.628 1284.79 1755.7 2672.99 1748.12 1167.41 1157.24 742.278 822.138 1207.35 1730.04 1328.72 917.206 697.956 747.368 1582.01 2227.29 2492.72 1346.68 1271.31 725.921 1034.86 1292.33 1462.37 1440.36 990.461 647.114 754.52 1254.75 1429 2097.23 1104.04 631.782 1088.99 780.68 1140.88 1679.73 1192.52 728.986 491.258 438.761 1310.84 1481.66 1910.5 934.02 624.552 643.585 1022.17 1587.95 2522.89 1910.75 948.64 700.455 989.484 1160.25 1326.34 
823.868 830.78 842.314 905.881 813.068 859.432 813.395 794.955 744.245 669.316 1069.62 1446.45 2991.34 4159.03 1553.62 805.421 1005.97 1488.01 1424.46 1284.88 1020.42 773.41 0 207.516 361.507 898.498 1269.74 1773.22 622.352 201.982 510.29 908.024 1356.88 1340.31 1550.87 349.522 437.418 827.057 1051.99 1392.15 1870.08 560.965 232.195 668.986 1032.04 1452.41 1369.02 1065.84 380.559 647.887 1243.05 1910.94 1666.9 1509.47 604.173 528.583 922.005 1271.74 1546.86 1491.97 1146.84 242.342 658.922 1415.76 1764.89 1671.87 1999.88 1074.68 865.17 1249.27 1579.31 2069.17 1557.15 1286.49 619.028 440.094 772.116 1030.98 1866.58 1680.23 1584.84 597.604 918.42 1866.97 2123.25 1854.33 1642.64 1122.89 412.514 385.446 1014.82 1442.56 1717.89 1563.68 974.72 736.425 1584.87 2257.5 2087.29 1795.98 1160.62 478.327 420.219 656.668 1154.36 1783.37 1466.61 1562.04 495.209 407.284 945.388 1242.07 1212.88 2027.18 376.098 389.553 936.307 1134.38 1587.11 1356.91 1094.44 223.801 485.792 1074.9 1119.84 1292.5 1338.86 210.098 557.331 1418.82 1462.55 920.534 647.406 915.22 646.451 772.221 
784.042 797.071 808.817 890.749 783.797 837.03 780.889 765.864 706.75 629.937 967.263 1315.17 2769.6 3878.43 1403.17 795.595 930.887 1306.16 1242.91 1238.5 1053.74 971.489 207.516 0 127.612 764.958 1310.98 2011.37 904.809 235.404 359.187 710.168 1294.11 1416.55 1828.67 641.464 270.309 565.406 983.59 1476.35 2071.8 855.516 261.241 550.516 879.695 1412.19 1465.97 1435.79 567.191 435.314 989.703 1839.69 1708.21 1657.65 849.028 598.784 819.532 1107.84 1557.89 1645.46 1464.43 461.364 457.772 1121.4 1643.55 1739.32 2229.49 1415.06 843.674 1092.73 1438.36 2147.78 1683.36 1444.63 901.065 419.2 591.242 913.458 1899.42 1799.03 1832.77 718.821 769.534 1700.62 2038.14 1888.86 1704.23 1259.31 687.52 347.797 775.959 1258.09 1730.72 1713.75 1339.82 769.824 1423.18 2062.59 2101.75 1891.15 1313.82 751.637 371.684 458.349 992.954 1778.04 1586.48 1885.64 774.48 225.05 591.928 1038.97 1243.81 2245.18 621.84 313.208 731.755 982.956 1604.5 1541.96 1502 426.407 186.881 734.033 983.176 1362.34 1585.93 456.198 368.638 1061.32 1237.43 781.346 584.574 920.341 566.904 704.81 
550.521 563.849 570.799 656.547 544.772 609.276 558.157 544.159 485.416 462.21 828.206 1079.14 2463.14 3635.31 1112.35 496.2 698.925 1016.96 897.685 1008.18 962.239 1039.49 361.507 127.612 0 513.167 1069.82 1895.36 954.276 266.909 360.777 465.31 985.032 1198.98 1718.85 670.766 339.3 476.689 741.433 1323.57 2004.74 865.03 277.243 501.761 556.416 1110.22 1272.36 1360.61 540.747 389.841 731.18 1395.28 1330.91 1378 769.853 691.789 864.41 853.913 1238.43 1424.71 1391.43 494.653 497.73 938.69 1193.22 1431.03 2063.23 1415.28 739.638 987.328 1066.17 1721.37 1399.27 1436.81 986.377 493.598 569.318 573.865 1557.08 1587.96 1884.1 774.947 652.612 1370.7 1528.54 1501.15 1408.56 1081.82 638.003 316 671.477 836.331 1384.56 1494.53 1277.6 596.999 1197.98 1732.42 1695.92 1527.55 1163.98 818.963 432.667 392.586 609.121 1391.66 1333.67 1796.77 842.716 312.211 434.927 767.729 1129.05 2211.58 657.704 344.922 664.787 594.43 1300.85 1371.52 1501.48 527.095 254.978 479.779 688.794 1231.14 1546.1 470.838 364.812 882.162 754.766 469.565 386.416 724.37 365.988 447.659 
501.751 505.481 505.837 483.376 511.438 480.711 495.499 490.45 515.818 374.819 876.629 1106.6 2082.06 3026.36 855.302 641.772 1036.21 1289.45 355.23 277.066 401.193 690.057 898.498 764.958 513.167 0 315.384 1220.97 1011.31 875.138 915.728 550.551 314.607 736.722 1338.99 1084.49 917.168 704.55 199.329 644.044 1408.42 1148.82 886.742 925.792 398.299 383.728 693.122 1015.03 1192.87 774.336 797.273 584.343 868.938 1030.73 951.634 1084.19 1229.17 396.643 453.095 792.659 1102.9 1127.69 995.073 1041.9 349.237 624.465 1337.09 1420.75 1178.04 1269.49 982.758 867.124 1018.33 1141.98 1190.73 1107.89 984.286 496.381 642.752 921.744 1487.74 1275.82 1007.85 1559.41 846.005 1015.41 1202.8 993.032 903.821 819.779 999.52 389.183 639.077 961.062 1157.94 1097.95 1456.48 1602.44 899.577 1148.88 917.874 1183.67 1054.34 830.853 448.994 497.262 697.229 1350.26 1437.11 1152.05 993.823 160.989 475.292 1623.03 982.186 823.801 1026.81 309.754 544.153 884.878 1264.02 1291.47 963.489 721.883 114.108 587.339 1123.54 975.143 972.951 1326.3 571.791 281.238 291.299 522.942 529.174 745.679 
694.743 689.944 707.694 644.496 695.102 627.187 667.017 671.823 713.006 500.963 918.833 1217.54 2785.54 3777.93 1237.13 1028.12 1723.77 2145.16 903.125 452.743 400.531 694.257 1269.74 1310.98 1069.82 315.384 0 523.083 800.659 1191.79 1477.17 1039.36 347.006 424.626 883.944 1148.37 1399.21 1372.39 386.362 228.052 744.954 940.977 1236.79 1530.01 839.778 410.472 383.063 656.386 1441.23 1371.09 1373.39 719.591 752.061 730.297 826.759 1273.3 1759.17 808.213 356.381 398.202 700.931 1341.5 1683.72 1807.82 593.033 371.777 732.212 1154.67 1449.65 1778.59 1199.54 622.021 718.681 747.623 1049.55 1466.66 1553.17 825.146 472.716 569.153 1136.39 1478.08 1639.14 2233.98 942.61 734.842 773.308 645.221 871.861 1227.18 1673.55 741.833 408.454 518.336 837.213 1302.94 2083.29 2109.89 663.749 697.637 512.88 1134.64 1375.21 1406.56 870.943 445.096 311.61 839.451 1426.33 1533.54 1784.57 594.477 149.9 906.604 907.483 1326.41 1748.48 651.939 414.559 515.518 972.847 1570.01 1618.15 1485.92 364.764 172.822 646.595 1189.27 1677.24 2279.99 1068.98 566.637 590.441 883.031 871.873 995.335 
1349.65 1329.46 1379.22 1278.3 1351.76 1221.31 1278.81 1302.98 1366.17 1084.73 1461.27 1949.36 4226.86 5138.26 2139.35 2068.85 3142.54 3715.51 2213.43 1314.13 999.729 906.821 1773.22 2011.37 1895.36 1220.97 523.083 0 509.074 1665.28 2236.4 1876.75 926.534 574.506 456.13 1103.99 1740.82 2108.53 985.166 376.179 193.447 730.522 1806.19 2455.32 1781.34 1094.51 631.102 468.224 2018.45 2371.18 2474.94 1668.79 1220.37 867.274 1020.46 1580.54 2360.88 1635.88 914.873 569.129 375.74 1724.35 2662.19 3012.56 1640.71 851.23 433.175 1046.57 2198.03 2790.53 2223.23 1168.22 996.093 507.724 917.812 2075.12 2469.72 1720.18 976.042 770.565 968.181 1870.62 2650.96 3541.97 1901.55 1076.91 857.268 592.511 1113.91 1987.78 2749.97 1764.98 900.906 502.019 673.864 1998.47 3370.2 3409.05 1221.72 831.424 434.332 1188.6 1895.04 2327.59 1942.26 1176.46 528.176 357.064 1399.77 1965.53 2813.77 1632.92 452.745 145.649 854.325 2110.94 2874.06 1640.64 891.077 529.787 612.47 1895.99 2356.68 2548.26 1342.69 349.423 192.708 1522.22 2586.97 3589.16 2123.7 1290.33 1364.91 1862.69 1778.45 1670.03 
861.921 853.804 893.18 878.324 860.262 811.902 814.068 822.259 828.473 648.789 1034.34 1502.63 3563.84 4582.33 1671.65 1320.58 2036.63 2579.17 1854.02 1305.75 964.573 622.533 622.352 904.809 954.276 1011.31 800.659 509.074 0 610.689 1135.04 1203.96 1047.9 731.613 576.405 274.317 716.867 1195.23 849.647 662.415 625.34 114.515 726.134 1387.55 1280.35 1215.06 807.19 311.852 897.646 1318.96 1752.46 1777.84 1240.84 847.565 430.796 702.934 1372.26 1333.25 1153.08 845.725 306.676 619.308 1444.43 2135.51 1730.43 1118.77 832.813 522.375 1290.88 1889.94 1843.21 1593.79 1104.65 591.793 257.771 990.63 1463 1251.21 1336.35 1012.92 883.423 914.681 1549.43 2641.64 1978.38 1290.07 984.326 508.34 364.115 954.9 1764.81 1550.47 1178.62 733.842 309.459 1111.95 2401.28 2829.7 1589.45 1054.71 459.294 331.062 854.928 1318.65 1472.45 1462.66 777.139 452.508 452.003 855.69 1727 1447.53 667.701 622.327 124.198 1019.9 1814.77 1316.08 1148.36 689.759 368.124 688.089 1169.85 1715.56 1231.85 611.864 301.352 477.182 1340.58 2416.16 1697.46 946.152 828.441 1251.91 1055.52 968.424 
545.74 559.078 574.958 668.567 539.247 606.613 550.303 538.328 471.538 460.037 872.947 1141.44 2636.07 3900.78 1244.23 539.631 844.386 1300.06 1292.97 1259.62 1116.58 1071.93 201.982 235.404 266.909 875.138 1191.79 1665.28 610.689 0 318.49 683.136 1176.48 1170.58 1472.12 308.853 327.997 726.365 998.625 1323.56 1768.64 470.702 34.6462 493.569 818.168 1285.39 1238.48 1073.2 183.559 409.074 957.058 1603.01 1324.46 1196.3 406.444 409.999 783.907 1123.31 1389.1 1390.67 1140.52 134.763 494.388 1212.7 1555.23 1474.68 1825.45 953.931 487.858 927.811 1180.45 1774.97 1332.2 1245.28 623.423 232.009 577.511 786.511 1673.13 1538.42 1701.39 505.459 592.814 1457.37 1670.51 1458.97 1269.31 911.129 354.039 150.043 769.935 1178.98 1453.77 1350.54 881.28 305.624 1162.25 1915.11 1731.37 1381.12 941.565 409.087 166.263 413.33 892.693 1591.73 1265.09 1447.02 320.983 168.072 734.811 1228.34 1222.18 1977.52 300.922 213.031 774.765 906.215 1419.01 1240.83 1156.96 120.415 314.448 887.016 1049.86 1237.02 1286.64 138.421 346.13 1189.05 1160.71 652.093 465.836 790.506 428.383 442.993 
751.078 773.365 778.574 907.662 765.66 867.32 800.498 777.283 705.846 692.434 1114.22 1250.78 1683.41 2659.32 927.326 560.482 510.435 681.367 946.541 1246.22 1311.37 1355.09 510.29 359.187 360.777 915.728 1477.17 2236.4 1135.04 318.49 0 329.032 1433.12 1647.08 2066.44 832.522 443.523 579.246 1219.45 1901.56 2547.4 1153.52 235.2 54.0746 522.803 1581.58 1714.86 1607.41 633.792 141.445 422.005 1547.48 1563.22 1661.4 837.288 417.799 285.606 780.841 1621.27 1785.39 1655.32 570.375 142.85 469.125 1486.5 1887.26 2494.12 1523.13 568.153 349.574 867.081 1975.52 1659.38 1605.98 991.195 240.218 121.901 558.515 1991.08 1960.37 2135.89 876.606 253.361 703.149 1509.87 1763.4 1724.3 1419.4 829.027 196.353 211.842 970.438 1877.47 1958.78 1538.3 693.365 616.872 1186.6 1866.64 1876.52 1471.89 801.699 319.451 86.9443 622.223 1931.49 1761.91 2094.38 967.698 411.728 406.902 1179.26 1551.92 2594.38 861.729 111.879 173.212 764.953 1856.59 1798.82 1778.79 625.76 193.234 575.252 1194.87 1703.14 2009.13 691.714 201.218 540.025 1030.76 914.647 487.627 785.483 622.433 743.826 
716.128 737.667 739.649 832.436 733.529 810.651 776.018 755.239 715.92 613.008 972.679 1084.39 1402.92 2185.8 610.753 550.005 655.031 580.003 429.421 859.393 1085.56 1295.98 908.024 710.168 465.31 550.551 1039.36 1876.75 1203.96 683.136 329.032 0 942.312 1342.41 1908.73 1126.94 749.508 560.398 825.624 1532.69 2272.79 1343.08 608.53 328.925 62.3001 1124.79 1404.7 1489.28 990.238 348.194 135.884 918.199 1173.76 1429.95 960.614 754.528 469.873 250.392 1109.54 1401.02 1494.29 938.442 457.236 257.107 758.921 1420.22 2140.66 1579.87 726.256 487.46 463.641 1400.31 1379.84 1472.17 1136.08 583.346 331.901 132.195 1420.48 1569.86 1964.08 1122.65 514.263 571.817 833.985 1304.67 1436.97 1255.84 971.999 493.888 268.964 313.13 1387.81 1650.87 1544.73 910.994 743.552 787.115 1237.44 1532.58 1330.64 1025.74 660.45 277.969 142.603 1366.55 1410.22 1943.87 1384.58 886.469 411.339 710.893 1172.45 2250.27 1073.98 418.101 331.763 209.812 1398.62 1596.01 1806.05 1136.2 540.281 331.886 769.799 1335.08 1855.78 1058.86 541.217 557.042 458.121 689.884 404.166 677.769 668.039 822.725 
589.269 589.422 602.313 532.732 604.43 521.89 569.767 579.284 634.294 382.84 762.853 999.055 2469.08 3538.1 1011.94 884.401 1693.65 2127 641.692 198.956 336.013 676.42 1356.88 1294.11 985.032 314.607 347.006 926.534 1047.9 1176.48 1433.12 942.312 0 308.02 857.946 1151.62 1412.15 1309.31 314.425 389.836 896.914 1058.72 1250.49 1513.86 728.031 38.2086 242.793 667.193 1338.95 1198.24 1169.13 294.154 392.702 551.438 818.405 1364.74 1817.16 580.832 58.4736 348.316 734.876 1286.08 1595.11 1677.1 263.937 175.432 694.185 1140.33 1252.13 1566.17 1068.36 360.32 628.412 745.05 1104.4 1379.71 1392.21 695.716 107.573 351.175 1054.26 1345.15 1519.21 2150.71 611.928 373.998 644.1 567.112 879.095 1151.07 1545.77 454.153 122.424 372.343 801.22 1106.03 1779.96 1879.1 365.307 641.558 580.115 1226.09 1265.8 1294.63 751.849 108.235 290.322 956.249 1484.34 1505.6 1807.02 546.233 519.662 1339.72 1058.49 1261.85 1609.14 469.996 66.7585 433.444 967.255 1572.83 1542.94 1444.61 320.631 455.206 844.219 1243.41 1648.16 2231.69 1009.33 307.139 464.748 779.083 861.61 1007.4 
652.327 640.652 669.4 592.973 661.663 560.665 609.573 629.876 686.574 523.256 1006.08 1327.94 3095.79 4218.63 1395.92 1198.85 2243.14 2855.45 1388.78 557.331 303.939 508.109 1340.31 1416.55 1198.98 736.722 424.626 574.506 731.613 1170.58 1647.08 1342.41 308.02 0 288.794 830.751 1404.94 1630.34 550.076 202.318 444.211 675.222 1266.23 1810.79 1207.69 409.747 94.0806 374.009 1388.66 1584.36 1643.6 777.01 342.231 330.381 711.668 1454.3 2181.46 1155.55 286.62 76.405 332.071 1251.34 2017.09 2324.96 932.141 346.707 499.433 1067.76 1508.54 1969.51 1493.21 551.051 264.036 346.627 891.088 1487.56 1684.2 1074.76 394.539 259.087 939.486 1449.24 1912.58 2650.92 1059.59 323.4 304.302 291.323 785.487 1312.33 1981 1028.85 336.37 187.633 578.232 1188.49 2139.92 2361.42 624.794 319.086 336.05 1147.38 1387.68 1647.06 1264.16 505.945 112.733 510.052 1176.94 1511.69 2341.3 1202.34 553.816 889.516 790.92 1437.19 2049.44 959.621 282.017 54.58 527.623 1477.47 1812.34 2032.56 865.452 395.878 529.11 1148.19 1915.48 2863.51 1619.4 645.201 694.242 1078.33 1062.76 1010.83 
993.173 965.922 1006.65 902.845 1002.97 863.777 920.412 951.07 1028.77 912.917 1629.15 2151.09 3936.96 4802.63 1851.58 1816.26 3025.72 3729.01 2257.87 1189.65 758.345 559.536 1550.87 1828.67 1718.85 1338.99 883.944 456.13 576.405 1472.12 2066.44 1908.73 857.946 288.794 0 699.015 1517.35 1939.89 905.751 461.696 297.981 600.558 1625.4 2287.56 1858.57 1034.07 478.99 283.035 1817.11 2236.5 2378.83 1480.76 763.388 454.305 925.553 1744.57 2579.63 1809.18 837.647 382.756 179.623 1536.86 2606.1 3043.74 1708.91 816.309 491.608 1181.16 2209.12 2674.02 2317.95 1155.23 568.645 345.897 930.995 1968.56 2231.34 1726.82 916.397 642.563 1054.38 1924.78 2507.68 3373.74 1786.44 837.523 680.267 479.217 1007.81 1800.59 2597.7 1776.66 869.159 388.164 561.728 1775.24 2897.62 3105.22 1222.03 682.921 441.411 1283.44 1840.82 2227.12 2001.69 1138.94 403.205 184.341 1112.75 1818.78 3000.19 1862.77 955.904 637.927 802.855 1892.41 2651.97 1692.49 795.409 192.97 175.363 1626.07 2268.76 2736.43 1521.6 765.007 361.152 1280.81 2346.76 3507.32 2339.08 1237.6 1176.08 1544.27 1544.78 1370.2 
627.29 620.322 648.476 672.522 620.108 612.159 591.161 595.688 577.951 577.964 1199.25 1670.33 3363.4 4416.22 1503.19 987.961 1628.1 2224.58 1807.75 1363.34 1031.33 726.432 349.522 641.464 670.766 1084.49 1148.37 1103.99 274.317 308.853 832.522 1126.94 1151.62 830.751 699.015 0 450.838 979.366 901.988 988.124 1106.93 185.307 427.399 1059.88 1244.16 1321.2 1008.52 580.284 548.024 1082.03 1594.35 1773.03 1181.85 857.329 427.16 744.732 1336.93 1469.17 1315.75 1055.27 576.89 357.833 1213.33 1953.56 1806.9 1313.58 1268.94 829.276 1134.3 1647.3 1775.37 1748.24 1040.36 837.696 488.151 767.616 1162.55 1191.94 1540.8 1271.92 1370.47 849.673 1269.32 2231.26 1933.02 1358.91 1099.71 678.241 367.166 662.452 1446.93 1536.53 1356.89 987.681 518.95 784.029 1911.67 2534.7 1747.99 1150.66 685.673 470.587 658.642 1045.18 1390.85 1582.84 952.092 734.965 201.343 549.691 1475.82 1519 1140.58 1327.41 173.705 728.371 1435.84 1287.74 1284.88 779.493 450.657 282.599 867.507 1528.79 1291.75 1082.03 742.278 191.909 903.316 1965.08 1601.67 866.555 712.556 1018.45 732.036 629.773 
720.159 725.51 744.914 815.746 735.209 755.309 708.93 708.461 675.499 703.458 1335.63 1733.09 2614.25 3431.95 1268 1052.07 1330.11 1569.85 1450.32 1429.57 1239.28 1062.26 437.418 270.309 339.3 917.168 1399.21 1740.82 716.867 327.997 443.523 749.508 1412.15 1404.94 1517.35 450.838 0 266.341 864.663 1429.32 1827.11 792.841 400.891 659.643 987.336 1610.12 1579.19 1373.3 882.488 629.309 1116.94 1938.4 1708.26 1555.68 992.584 723.621 835.255 1195.73 1728.79 1710.52 1336.86 688.563 620.928 1176.41 1819.55 1809.91 2064.71 1531.96 1155.4 1305.95 1785.6 2364.65 1718.29 1421.44 973.248 662.49 783.33 1138.72 2049.91 1911.49 1983.79 1028.92 834.083 1700.65 2087.22 2015.84 1818.68 1339.31 899.949 563.724 863.855 1405.97 1850.83 1709.73 1343.47 1065.36 1585.39 2223.82 2264.05 1879.49 1270.51 872.777 571.063 617.893 1175.1 1984.14 1537.6 1511.19 727.411 331.025 618.844 1130.79 1309.97 1882.32 596.008 435.91 888.417 1191.02 1762.9 1487.01 1259.23 536.87 250.516 757.827 1147.84 1409.21 1338.81 501.712 324.708 975.997 1188.25 809.636 624.357 922.347 629.587 660.949 
