0 90.9869 481.512 1108.42 913.781 635.388 708.781 536.592 333.135 298.747 231.216 206.059 167.42 172.328 191.765 276.332 387.127 444.164 648.327 747.858 1049.81 1726.01 2745.05 1735.42 2245.88 4652.99 4150.39 6777.73 7824.47 2281.31 2682.33 5208.03 5216.79 6749.76 3973.41 2545.16 3094.2 3340.87 2525.85 2860.25 3335.84 3871.21 2234.63 1098.65 1573.66 1496.26 827.892 438.035 515.94 686.396 868.078 1159.69 1426.73 2062.57 1582.69 2216.14 3118.24 3484.23 5240.31 5829.1 3250.29 2238.71 3175.15 3141.47 5000.66 5558.99 2792.28 2320.75 3071.57 3120.53 5667.13 6346.62 2642.48 2538.69 3147.81 5099.03 6422.02 3466.82 1777.65 1390.54 1389.06 915.48 465.341 408.82 380.909 421.617 
90.9869 0 273.731 865.279 802.046 578.767 648.362 490.184 314.829 261.906 210.283 192.962 214.004 203.715 202.409 236.835 301.012 365.479 559.055 744.468 995.115 1651.78 2633.77 1718.28 2342.48 4648.24 3884.19 6368.88 7531.02 2323.72 2667.45 5154.45 4867.69 6330.85 3697.91 2497.2 3130 3346.11 2326.74 2704.21 3501.01 4000.17 2250.31 1201.53 1525.4 1419.74 770.207 429.21 469.473 572.119 759.513 1006.32 1316.58 1920.19 1497.79 2343.91 3171.9 3333.31 4874.69 5457.71 3061.36 2319.8 3143.44 2973.25 4647.76 5170.93 2694.36 2339.19 3036.55 2945.27 5288.03 5946.38 2501.01 2434.25 3132.83 5113.99 6308.32 3181.79 1524.92 1346.11 1394.29 906.971 425.876 401.771 375.364 401.999 
481.512 273.731 0 417.799 727.49 476.373 533.228 599.855 593.427 477.384 414.017 502.345 589.314 537.71 486.961 486.464 525.883 564.817 656.758 902.963 1156.7 1652.23 2585.87 1645.72 2480.98 4442.16 3206.21 5849.63 7405.66 2509.14 2790.74 4571.12 4186.97 6053.24 3191.72 2089.2 3039.65 3400.49 2552.28 3057.12 4133.8 4918.49 2835.79 1235.76 1227.83 1357.27 1073.55 673.786 603.636 711.958 922.331 968.24 1153.17 1787.06 1516.9 2511.58 3237.37 2784.7 4203.01 5105.08 2817.28 2422.24 3265.85 2488.11 4178.19 4860.07 2343.48 2406.98 3174.79 2480 4838.95 5745.5 2195.22 2253.33 3150.53 4995.36 6245.55 3280.4 1608.76 1847.66 2008.01 1315.25 631.808 579.852 667.748 711.212 
1108.42 865.279 417.799 0 386.599 526.223 532.494 643.004 850.067 813.643 730.747 838.781 1024.41 979.746 867.966 841.842 854.321 863.958 898.612 1013.04 1388.6 1989.48 2865.82 1783.39 2602.39 4647.3 3252.31 5586.99 7319.6 2828.95 3240.7 4616.15 3937.36 6011.76 3238.96 1688.5 2757.89 3377.82 2602.83 3263.89 4215.62 5248.57 3068.88 1348.37 929.635 847.801 981.761 1050.3 918.307 857.842 1177.36 1160.72 1181.78 1822.28 1602.27 2741.59 3623.21 2828.41 3944.15 4866.74 2855.37 2498.3 3508.19 2524.35 4147.77 4822.78 2416.62 2332.72 3353 2601.34 4897.45 5799.44 2404.84 2079.6 2949.79 4589.1 5431.01 2881.58 1374.56 1978.94 2418.58 1671.8 1039.98 891.311 962.818 1106.1 
913.781 802.046 727.49 386.599 0 413.29 536.422 483.821 536.484 620.045 490.085 632.923 749.381 734.628 634.965 635.718 654.892 638.413 692.758 726.261 1205.15 2166.17 3341.06 1827.24 2589.36 5375.12 4016.8 6667.49 8031.65 2846.43 3521.17 5349.71 4577.63 6779.66 3736.75 1735.69 2731.08 3370.25 2214.11 2874.77 3765.9 4586.01 2586.29 1104.05 778.549 591.626 525.713 793.346 808.551 748.117 925.312 1229.41 1284.76 2193.94 1724.04 2682.54 3985.84 3594.15 4684.26 5559.52 3127.81 2433.05 3757.34 3118.45 4781.14 5489.87 2681.17 2276.35 3518.83 3108.53 5510.24 6417.85 2614.25 2120.04 2990.55 4891.39 5328.47 2704.47 1188.69 1568.54 1988.66 1293.18 819.618 649.97 632.517 794.084 
635.388 578.767 476.373 526.223 413.29 0 220.725 461.945 441.881 377.787 349.002 365.251 483.268 449.116 386.849 532.271 604.989 570.53 621.563 665.95 1033.41 1658.97 3167.38 1834.04 2568.75 4880.88 3415.2 6401.29 8678.39 3022.77 3282.82 4570.61 4012.36 6780.14 4042.29 1990.94 2823.66 3041.09 2340.8 2855.34 3715.25 4306.12 2235.47 798.658 623.009 821.508 819.464 701.164 629.007 754.753 1076.78 1006.91 1016.4 2010.22 1832.64 2731.2 3575.13 2872.65 4172.49 5679.61 3552.66 2646.46 3463.57 2470.71 4287.94 5714.08 2963.09 2560.43 3201.19 2340.36 4957.37 6651.64 2932.1 2418.56 3285.31 5637.65 6707.78 3525.54 1668.8 1818.42 2058.19 1221.2 587.716 432.417 423.817 524.256 
708.781 648.362 533.228 532.494 536.422 220.725 0 224.275 484.003 494.378 409.599 402.982 455.151 485.612 437.056 574.29 726.476 750.363 805.231 879.413 1146.14 1406.46 2500.08 1953.68 2634.53 4599.41 2769.12 4862.87 7348.32 3196.09 3540.95 4351.61 3054.96 5284.26 3663.8 2371.19 3027.62 2868.8 2174.3 2841.67 3484.14 4331.22 2233.85 971.369 821.226 746.342 965.346 971.717 805.516 773.744 1160.8 1172.11 905.591 1427.52 1557.08 2794.81 3604.84 2553.51 3117.42 4332.08 3148.47 2871.62 3741.89 2163.46 3208.35 4519.58 2889.91 2835.03 3471.18 1941.09 3792.63 5328.75 2958.52 2922.84 3651.62 5457.9 6747.07 3936.95 1811.46 1775 1919.72 1201.14 560.443 470.168 531.442 620.492 
536.592 490.184 599.855 643.004 483.821 461.945 224.275 0 196.171 370.918 321.934 326.041 290.335 327.038 304.377 352.208 514.652 600.828 679.516 793.164 1134.55 1760.43 2265.27 1712.81 2637.52 5072.46 3632.54 5288.1 6390.38 2922.05 3471.61 5354.08 4005.81 5050.15 3039.28 2475.39 3195.4 3299.21 1718.23 2304.3 3145.41 3953.28 1995.09 952.685 955.353 687.823 717.815 787.688 794.857 700.001 904.935 1197.47 1195.79 1558.66 1208.96 2552.72 3769.69 3424.24 3950.33 4114.01 2427.73 2663.56 3897.5 3031.29 3782.72 3958.79 2399.77 2622.43 3720.97 2886.34 4284.61 4623.35 2368.02 2820.55 3749.42 5473.59 6391.42 3598.19 1684.35 1650.79 1661.15 1012.71 376.89 285.203 353.858 444.753 
333.135 314.829 593.427 850.067 536.484 441.881 484.003 196.171 0 92.9655 134.237 197.668 178.991 166.04 136.472 144.403 215.486 293.327 384.618 524.28 855.469 1831.29 2759.79 1690.18 2491.88 5200.18 4149.95 6662.7 7482.03 2662.26 3148.17 5630.89 5008.43 6556 3688.6 2465.74 3130.24 3334.96 1741.15 1929.28 2882.32 3386.48 1815.83 1028.13 1026.55 793.945 512.73 394.984 479.689 541.597 680.214 949.873 1217.38 1982.85 1465.16 2438.12 3551.7 3754.34 5030.63 5530.16 2867.06 2401.35 3591.21 3405.17 4877.95 5168.94 2606.57 2346 3463.08 3359.76 5511.42 5891.96 2468.37 2561.46 3607.51 5750.05 6476.92 3121.88 1405.95 1613.46 1708.68 1034.08 330.22 151.927 121.577 180.05 
298.747 261.906 477.384 813.643 620.045 377.787 494.378 370.918 92.9655 0 88.7021 176.846 195.906 144.037 95.658 118.508 144.314 192.6 298.558 463.933 708.905 1652.68 2844.21 1724.44 2451.11 4995.83 4027.38 6850.53 8116.78 2687.58 3013.35 5383.9 5012.12 6979.82 4040.4 2464.1 3166.34 3279.17 1924.01 2062.31 3057.05 3444.37 1856.16 1099.13 1045.71 878.431 517.242 301.987 333.604 457.338 674.375 798.605 1095.61 1981.44 1588.16 2509.62 3407.32 3453.81 5038.98 5953.85 3286.03 2470.05 3391.32 3118.79 4949.4 5647.04 2888.31 2402.6 3245.43 3095.07 5661.93 6434.78 2739.14 2457.03 3432.44 5756.83 6767.23 3091.42 1320.52 1674.87 1869.11 1149.32 369.857 186.712 112.438 127.227 
231.216 210.283 414.017 730.747 490.085 349.002 409.599 321.934 134.237 88.7021 0 121.923 159.512 136.477 87.9704 116.539 165.574 211.14 323.851 470.991 722.114 1527.79 2795.17 1630.16 2293.19 4884.29 3741.76 6588.9 7993.12 2503.42 2999.3 5182.45 4678.06 6759.59 3942.93 2264.97 3028.09 3211.59 1997.73 2263.83 3166.8 3678.49 1962.12 1019.8 1037.14 878.199 463.737 287.09 316.747 407.501 627.064 833.747 1007.71 1874.86 1483.28 2337.03 3351.44 3325.52 4714.41 5713.93 3166.03 2315.74 3395.76 2901.06 4628.65 5487.55 2731.87 2300.29 3234.8 2836.42 5339.6 6302.22 2624.94 2367.77 3178.86 5275.3 6301.51 3022.09 1181.11 1372.43 1591.88 1009.99 351.736 206.627 161.472 199.068 
206.059 192.962 502.345 838.781 632.923 365.251 402.982 326.041 197.668 176.846 121.923 0 69.2447 87.5015 77.9508 172.378 249.345 294.644 458.855 554.432 852.641 1473.87 2732.65 1704.2 2272.17 4708.19 3667.33 6228.01 7891.73 2471.15 2838.1 4948.51 4456.68 6413.58 3990.63 2357.96 2963.65 3053.8 2120.67 2521.73 3246.32 3766.78 1958.11 956.598 1219.24 1138.29 592.747 336.452 364.154 443 755.095 943.495 1084.08 1847.37 1484 2336.73 3266.97 3203.84 4535.09 5445.31 3247.91 2347.28 3241.86 2761.75 4367.6 5317.56 2858.11 2348.05 3060.75 2655.31 5017.9 6107.66 2767.64 2445.47 3068.51 5077.65 6160.25 3052.2 1326.24 1097.33 1178.68 738.711 322.442 282.774 235.278 277.436 
167.42 214.004 589.314 1024.41 749.381 483.268 455.151 290.335 178.991 195.906 159.512 69.2447 0 20.8017 46.3479 148.033 272.245 315.341 490.038 570.911 919.589 1646.5 2692.65 1733.33 2329.78 4770.3 3962.33 6369.39 7710.8 2524.54 2809.26 5069.28 4694.6 6301.46 3887.75 2492.87 2992.96 3053.19 2064.38 2661.61 3338.22 3830.76 2042.2 871.367 1291.64 1249.51 680.603 366.352 400.067 474.1 744.522 1072.45 1251.01 1914.45 1486.8 2346.4 3309.58 3364.17 4824.03 5399.54 3211.38 2402.12 3260.8 2970.64 4592.45 5214.28 2882.86 2434.8 3088.45 2881.49 5189.71 5978.59 2738.69 2530.73 3145.18 5184.17 6321.47 3282.16 1655.86 1254.88 1153.01 633.765 249.292 265.565 249.98 285.021 
172.328 203.715 537.71 979.746 734.628 449.116 485.612 327.038 166.04 144.037 136.477 87.5015 20.8017 0 20.2039 117.537 221.188 251.856 424.081 524.31 872.79 1733.87 2850.39 1693.98 2382.5 4855.04 4122.59 6715.78 7957.46 2545.25 2798.69 5139.28 4921.34 6586.07 3902.47 2433.98 2993.85 3093.65 2038.38 2641.18 3478.36 3870.72 2079.46 855.531 1195.15 1221.18 633.103 330.233 353.037 441.593 702.858 1026.2 1281.28 2049.05 1524.48 2392.77 3352.69 3407.46 5072.52 5690.86 3281.13 2432.35 3222.04 3026.19 4879.33 5457.1 2901.17 2449.23 3045 2974.5 5489.67 6243.25 2715.76 2426.38 3061.19 5305.63 6464.42 3229.61 1649.48 1424.51 1333.48 704.51 250.81 252.2 228.32 256.607 
191.765 202.409 486.961 867.966 634.965 386.849 437.056 304.377 136.472 95.658 87.9704 77.9508 46.3479 20.2039 0 62.6154 149.382 185.22 336.809 460.068 785.72 1643.91 2794.5 1618.17 2371.27 4943.86 4069.98 6746.19 8016.32 2565.53 2942.1 5248.61 4899.09 6669.55 3890.07 2377.48 3087.18 3206.83 2004.15 2466.59 3409.39 3883.53 2047.99 898.54 1102.88 1072.21 543.681 280.223 318.502 399.574 658.437 925.64 1164.98 1990.76 1468.24 2362.19 3428.76 3444.56 4994.17 5704.43 3215.69 2442.69 3381.96 3029.11 4805 5447.08 2819.37 2463.44 3205.31 2958.57 5450.82 6232.79 2661.82 2420.03 3108.02 5319.46 6473.36 3179.89 1464.01 1394.78 1406.85 777.45 223.574 183.105 162.092 185.299 
276.332 236.835 486.464 841.842 635.718 532.271 574.29 352.208 144.403 118.508 116.539 172.378 148.033 117.537 62.6154 0 50.8475 104.737 227.408 423.595 761.103 1747.45 2786.54 1649.17 2467.3 5180.38 4233.59 6968.29 7935.16 2607.33 3082.25 5636.85 5177.86 6822.5 3862.37 2474.17 3286.16 3471.59 1922.94 2285.78 3453.55 4051.85 2246.5 1149.57 1243.87 1071 506.742 234.737 311.809 345.938 540.36 869.087 1198.82 2035.96 1474.15 2424.46 3605.06 3762.37 5238.96 5805.94 3092.77 2485.72 3648.59 3337.01 5009.27 5400.73 2743 2506.91 3517.54 3288.24 5693.89 6176.75 2549.5 2459.48 3254.84 5299.6 6286.87 2953.34 1265.67 1406.14 1466.82 858.496 209.869 165.243 170.647 176.167 
387.127 301.012 525.883 854.321 654.892 604.989 726.476 514.652 215.486 144.314 165.574 249.345 272.245 221.188 149.382 50.8475 0 43.6521 151.926 410.555 744.823 1824.67 3030.25 1753.77 2587.64 5316.41 4311.55 7275.75 8333.24 2666.82 3087.54 5739.55 5393.78 7275.02 4109.42 2532.08 3378.29 3566.31 1976.92 2199.25 3522.74 4070.12 2385.88 1373.02 1354.55 1181.09 526.013 199.439 265.983 312.697 505.927 823.685 1237.43 2213.51 1637.54 2603.62 3717.34 3873.76 5477.53 6240.03 3303.74 2563.93 3680.83 3448.15 5282.58 5781.32 2902.4 2541.17 3559.2 3436.29 6011.12 6576.03 2675.32 2429.84 3282.62 5360.86 6146.55 2594.07 1015.13 1374.25 1506.15 923.335 278.323 234.53 214.547 208.552 
444.164 365.479 564.817 863.958 638.413 570.53 750.363 600.828 293.327 192.6 211.14 294.644 315.341 251.856 185.22 104.737 43.6521 0 86.0769 326.189 768.049 1958.97 3379.18 1898.17 2599.88 5241.44 4395.14 7645.26 8912.21 2770.4 2947.73 5444.35 5504.13 7759.26 4449.29 2422.92 3114 3293.91 2040.86 2532.88 3854.63 4373.64 2649.15 1297.69 1309.47 1264.15 541.276 179.228 196.979 229.867 443.35 832.311 1290.8 2418.17 1829.33 2729.07 3756.7 3789.29 5751.99 6693.22 3683.58 2610.64 3540.76 3381.37 5644.95 6260.46 3184.18 2583.95 3386.16 3434.09 6423.5 7158.47 2951.81 2344.89 3046.02 5150.3 5897.97 2428.61 1090.15 1425.55 1487.8 801.64 283.532 310.033 301.736 299.892 
648.327 559.055 656.758 898.612 692.758 621.563 805.231 679.516 384.618 298.558 323.851 458.855 490.038 424.081 336.809 227.408 151.926 86.0769 0 240.357 761.769 2084.49 3601.45 2116.88 2831.04 5413.92 4321.27 7820.74 9288.82 3224.96 3124.88 5323 5438.74 8119.58 4692.6 2526.41 3136.63 3221.89 1919.42 2438.69 4036.6 4672.68 2853.98 1355.54 1253.34 1317.85 778.912 298.511 288.806 282.526 348.814 719.535 1244.65 2582.51 2057.81 3029.84 4005.71 3812.42 5767.17 6933.15 3873.38 2882.45 3819.21 3421.99 5732.55 6447.36 3379.02 2821.13 3653.4 3469.92 6528.63 7387.62 3218.1 2567.28 3401.73 5451.92 5985.64 2448.85 1184.91 1744.31 1737.87 919.612 294.59 331.285 388.406 373.233 
747.858 744.468 902.963 1013.04 726.261 665.95 879.413 793.164 524.28 463.933 470.991 554.432 570.911 524.31 460.068 423.595 410.555 326.189 240.357 0 513.318 2025.04 3773.29 2105.95 2395.76 4816.05 4140.57 7894.8 9400.76 3061.29 2780.37 4710.61 5412.17 8451.6 4968.55 2182.51 2471.77 2736.46 2137.79 2943.96 4116.27 4717.23 2889.44 1133.73 1212.43 1251.64 807.265 406.137 366.882 408.127 258.721 530.445 1138.03 2581.77 2146.2 2715.11 3541.24 3416.07 5771.65 7129.03 4092.45 2543.3 3300.35 3093.29 5932.58 6806.11 3518.56 2492.31 3084.94 3253.93 6858.05 7889.85 3494.11 2381.94 2883.46 4845.32 5572.39 2588.78 1494.01 1905.26 1929.75 1012.7 495.741 517.911 559.587 582.81 
1049.81 995.115 1156.7 1388.6 1205.15 1033.41 1146.14 1134.55 855.469 708.905 722.114 852.641 919.589 872.79 785.72 761.103 744.823 768.049 761.769 513.318 0 1042.02 3003.72 2044.12 2222.59 4198.83 3141.99 6752.66 8238.77 3000.12 2913.7 4589.48 4721.4 7633.54 4759.8 2767.06 3018.01 3092.64 2324.5 2643.3 3907.62 4306.44 2505.99 1693.7 1702.13 1388.14 958.154 741.3 694.312 775.666 619.331 178.665 597.049 1878.73 1893.25 2565.78 3009.66 2819.94 4568.15 6319.65 3790.65 2765.42 3207.73 2408.24 4812.8 6132.75 3514.65 2755.1 3008.21 2506.7 5804.85 7265.03 3663.48 3025.03 3353.07 5314.44 6590.6 3430.63 1511.79 2110.53 2565.12 1809.49 932.605 821.395 799.08 760.71 
1726.01 1651.78 1652.23 1989.48 2166.17 1658.97 1406.46 1760.43 1831.29 1652.68 1527.79 1473.87 1646.5 1733.87 1643.91 1747.45 1824.67 1958.97 2084.49 2025.04 1042.02 0 1668.91 2240.2 2098.92 3271.81 1874.06 3943.33 6375.54 3119.51 3490.31 4074.84 3261.46 5299.72 4440.82 3869.39 4140.11 3967.27 3935.27 3089.74 3474.59 4687.68 2686.06 2740.4 2950.27 2243.35 1976.35 1769.1 1719.77 1878.19 2068.86 1146.11 427.94 713.789 1671.39 2500.9 2484.2 2063.67 2425.04 4123.28 3403.11 3370.1 3659.98 1585.56 2532.1 4368.24 3443.66 3608.07 3556.39 1463.41 3541.55 5466.31 4037.58 4609.42 4420.7 5416.61 7810.52 5397.29 2140.32 2114.94 2913.68 2728.67 1836.84 1656.76 1665.97 1609.79 
2745.05 2633.77 2585.87 2865.82 3341.06 3167.38 2500.08 2265.27 2759.79 2844.21 2795.17 2732.65 2692.65 2850.39 2794.5 2786.54 3030.25 3379.18 3601.45 3773.29 3003.72 1668.91 0 2155.91 3220.55 4632.4 4079 3270.02 2739.74 3728.62 4997.85 7101.67 4997.23 2617.76 2162.05 5375.22 6640 6967.24 4882.79 3495.55 3038.76 5042.13 3173.24 3942.77 4507.29 3059.07 3292.5 3232.56 3502.42 3562.55 3721.88 2987.49 2368.16 701.876 1053.53 2884.98 3782.96 4214.2 3367.33 1841.16 1680.26 4403.3 5600.35 3966.7 2682.04 1474.34 2522.09 4711.7 5788.75 3879.39 3237.96 2086.86 2996.32 6008.44 6982.69 7170.07 9909.23 7751.97 3824.01 3427.63 4070.35 4053.03 2807.51 2509.62 2628.45 2570.47 
1735.42 1718.28 1645.72 1783.39 1827.24 1834.04 1953.68 1712.81 1690.18 1724.44 1630.16 1704.2 1733.33 1693.98 1618.17 1649.17 1753.77 1898.17 2116.88 2105.95 2044.12 2240.2 2155.91 0 1499.17 4891.88 4808.21 6873.83 5751.72 1209 3379.4 6594.39 6063.71 6141.77 1724.74 1819.73 4145.01 5769.36 3616.14 2928.33 3156.36 4126.41 2389.97 1905.58 2294.45 1907.82 1545.05 1495.33 1772.02 2055.57 2196.36 2131.56 1920.96 2139.58 501.405 763.161 2970.14 4288.95 5520.15 5108.82 1280.87 1603.95 3836.19 3914.37 5148.43 4415.51 717.736 2010.65 4090.77 4130.72 5892.84 5374.28 1021.5 2417.14 3693.67 5609.36 7410.02 4852.17 2246.67 2536.22 3368.6 2879.43 1899.74 1522.36 1583.56 1694.16 
2245.88 2342.48 2480.98 2602.39 2589.36 2568.75 2634.53 2637.52 2491.88 2451.11 2293.19 2272.17 2329.78 2382.5 2371.27 2467.3 2587.64 2599.88 2831.04 2395.76 2222.59 2098.92 3220.55 1499.17 0 2040.82 3820.75 6690.52 6676.24 1021.72 1446.1 4208.12 6014.75 7713.47 4163.93 2042.6 2128.87 4166.43 5118.48 4722.48 3503.76 4499.41 3249.21 2682.64 3599.27 2746.16 2052.42 1944.15 1982.78 2282.22 2362.2 2300.8 1878.14 2187.81 1780.03 492.514 717.201 2651.24 5564.32 6434.22 3174.73 1000.71 1567.52 2717.12 5897.98 6206.99 2485.47 1222.78 1914.1 3523.07 7293.05 7741.14 3129.57 2652.66 2514.21 3705.24 5819.03 4655.67 2855.32 2578.9 3587.99 3280.34 2909.39 2606.76 2548.24 2680.96 
4652.99 4648.24 4442.16 4647.3 5375.12 4880.88 4599.41 5072.46 5200.18 4995.83 4884.29 4708.19 4770.3 4855.04 4943.86 5180.38 5316.41 5241.44 5413.92 4816.05 4198.83 3271.81 4632.4 4891.88 2040.82 0 3135.18 6083.61 7132.7 3844.27 1802.8 1847.11 6270.81 8621.09 6878.39 5215.17 2705.72 3927.65 8742.02 8830.3 6346.86 7846.37 6723.06 5465.41 6811.57 5755.64 5166.59 4718.81 4305.72 4564.72 4610.81 4036.76 3539.55 3155.29 4412.13 3570.39 901.439 1280.75 5580.48 7486.71 6138.02 4040.6 1591.46 1907.65 6772.45 7768.22 5915.83 4195.33 1658.04 3204.58 8421.09 9744.74 6700.54 5931.99 4059.22 4036.05 7188.32 7182.54 5890.3 4933.81 5672.91 5282.39 5415.44 5491.09 5518.46 5556.24 
4150.39 3884.19 3206.21 3252.31 4016.8 3415.2 2769.12 3632.54 4149.95 4027.38 3741.76 3667.33 3962.33 4122.59 4069.98 4233.59 4311.55 4395.14 4321.27 4140.57 3141.99 1874.06 4079 4808.21 3820.75 3135.18 0 3103.29 7680.39 5002.37 4456.72 2372.92 1306.94 6018.34 6252.69 4801.27 4162.73 3388.6 5473.24 6094.79 6116.99 7411.5 5475.87 4574.65 4501.99 4138.93 4517.57 4214.89 3574.83 3583.45 3943.18 2916.88 1876.18 2173.37 4050.68 4769.52 3489.34 1162.03 1320.23 5042.89 5415.56 4775.75 4327.03 937.099 2325.73 5845.96 5367.7 4800.4 4163.79 835.894 3326.03 7203.6 6098.35 5916.73 5678.6 5794.4 7681.22 6391.6 4040 4116.34 4938.48 4715.28 4163.51 4129.32 4293.69 4341.53 
6777.73 6368.88 5849.63 5586.99 6667.49 6401.29 4862.87 5288.1 6662.7 6850.53 6588.9 6228.01 6369.39 6715.78 6746.19 6968.29 7275.75 7645.26 7820.74 7894.8 6752.66 3943.33 3270.02 6873.83 6690.52 6083.61 3103.29 0 4376.21 7746.49 7998.26 6857.7 2354.93 1564.9 5796.29 8600.83 8408.11 7399.16 7534.21 7582.01 7041.94 8860.71 6726.8 7537.45 7675.17 6189.93 7213.57 7681.91 7161.56 6716.39 7414.16 6550.42 4722.52 2551.31 4826.35 7249.02 6541 4356.71 1375.73 1403.11 5507.6 8049.77 7842.82 4163.71 1390.85 2574.36 6870.06 7988.46 7830.22 3749.75 1707.46 3119.74 7683.78 9634.1 9859.46 9335.69 11583 10494.1 7091.35 6341.79 6973.38 7257.62 6734.17 6740.96 6861.59 6920.44 
7824.47 7531.02 7405.66 7319.6 8031.65 8678.39 7348.32 6390.38 7482.03 8116.78 7993.12 7891.73 7710.8 7957.46 8016.32 7935.16 8333.24 8912.21 9288.82 9400.76 8238.77 6375.54 2739.74 5751.72 6676.24 7132.7 7680.39 4376.21 0 6902.74 8734.84 11154.8 8756.81 2723.05 2970.68 9970.65 10447.1 11595.1 9479.44 7827.87 6198.97 8732.76 7555.84 9215.55 9988.91 7298.01 7820.68 8662.77 8950.89 8686.4 8576.8 8263.12 7189.06 4020.29 3792.24 6093.97 6953.87 8086.97 6423.61 2464.54 2567.69 8120.63 9205.29 8179.36 5947.04 1843.3 4651.91 8489.23 9612.22 8596.23 6352.55 2273.6 5305.3 10872.3 11277.5 10186.7 12973.5 12641.2 8705.73 8082.48 8874.69 9019.81 8004.51 7726.31 7970.87 8011.29 
2281.31 2323.72 2509.14 2828.95 2846.43 3022.77 3196.09 2922.05 2662.26 2687.58 2503.42 2471.15 2524.54 2545.25 2565.53 2607.33 2666.82 2770.4 3224.96 3061.29 3000.12 3119.51 3728.62 1209 1021.72 3844.27 5002.37 7746.49 6902.74 0 2100.6 5970.65 6940.93 7845.3 3328.11 1520.08 3056.86 5203.08 5059.99 4947.67 3986 4470.14 3373.8 2768.74 3906.23 3324.99 2128.66 2037.15 2251.54 2595.31 2908.35 3126.19 2945.58 3149.16 1874.96 565.134 1904.67 4192.8 6726.18 6891.76 2631.04 424.834 2363.09 4028.84 6620.24 6367.17 1588.32 833.906 2769.93 4636.15 7718.84 7608.67 1790.85 1768.59 2545.02 3836.77 5574.46 4247.63 2798.95 2393.96 3418.62 3405.75 3183.57 2878.86 2793.69 3001.32 
2682.33 2667.45 2790.74 3240.7 3521.17 3282.82 3540.95 3471.61 3148.17 3013.35 2999.3 2838.1 2809.26 2798.69 2942.1 3082.25 3087.54 2947.73 3124.88 2780.37 2913.7 3490.31 4997.85 3379.4 1446.1 1802.8 4456.72 7998.26 8734.84 2100.6 0 3098.92 7099.79 9381.4 5631.04 2749.66 1159.11 3234.51 5832.38 6745.55 6003.44 6346.61 4968.68 3042.92 4541.1 4548.56 3240.39 2411.56 2246.31 2530.16 2475.49 2739.96 3127.87 3769.96 3575.21 2530.2 982.245 2514.36 7263.24 8317.02 5180.62 1943.49 383.419 2870.51 7772.93 8030.63 4332.3 1817.14 602.766 3989.93 9077.23 9722.04 4458.81 2557.6 1958.98 3407.86 4879.93 3651.82 3873.88 3171.53 3329.76 2895.19 3315.02 3506.91 3466.28 3576.57 
5208.03 5154.45 4571.12 4616.15 5349.71 4570.61 4351.61 5354.08 5630.89 5383.9 5182.45 4948.51 5069.28 5139.28 5248.61 5636.85 5739.55 5444.35 5323 4710.61 4589.48 4074.84 7101.67 6594.39 4208.12 1847.11 2372.92 6857.7 11154.8 5970.65 3098.92 0 4456.14 10473.3 9050.28 5141.34 2452.34 1700.75 7961.81 9994.7 8739.59 9953.58 8236.79 4927.6 5839.89 6280.38 6063.51 5172.85 4305.62 4470.81 4767.05 4149.26 3614.96 4650.08 6239.13 5933.01 3297.48 819.903 5230.62 9265.08 8485.95 5437.78 2817.3 1137.19 6840.65 10108.9 7794.54 5395.32 2461.08 1940.08 8279.26 12225 8477.92 6014.83 4130.81 4336.2 6231.79 6325.65 6327.79 5606.29 5637.56 4775.44 5392.83 5841.44 6040.66 6152.46 
5216.79 4867.69 4186.97 3937.36 4577.63 4012.36 3054.96 4005.81 5008.43 5012.12 4678.06 4456.68 4694.6 4921.34 4899.09 5177.86 5393.78 5504.13 5438.74 5412.17 4721.4 3261.46 4997.23 6063.71 6014.75 6270.81 1306.94 2354.93 8756.81 6940.93 7099.79 4456.14 0 4515.12 6818.19 5709.29 5926.08 4135.74 4503.92 6483.35 7314.91 8203.35 5756.77 4903.76 4547.05 4468.81 5439.4 5593.3 4780.8 4432.89 5275.94 4517.32 2959.46 2911.23 4949 6582.08 6290.36 2820.45 717.598 3946.8 6354.93 6355.19 6634.03 2284.33 1268.91 5245.97 6604.93 6184.45 6309.39 1542.65 1644.05 6230.91 7277.16 6794.76 7409.72 8145.69 9264.78 7436.95 5180.65 5098.01 5626.75 5281.47 4818.85 4902.9 5056.02 5183.21 
6749.76 6330.85 6053.24 6011.76 6779.66 6780.14 5284.26 5050.15 6556 6979.82 6759.59 6413.58 6301.46 6586.07 6669.55 6822.5 7275.02 7759.26 8119.58 8451.6 7633.54 5299.72 2617.76 6141.77 7713.47 8621.09 6018.34 1564.9 2723.05 7845.3 9381.4 10473.3 4515.12 0 3576.05 9152.65 10371 9931.95 7025.24 7056.47 7232.4 9055.69 6451.09 7430.04 7867.99 6327.13 7134.71 7952.86 7874.08 7320.66 7891.93 7629.95 6156.48 3136.12 4052.55 7294.17 8222.9 7098.12 3192.13 320.477 3891.59 8685.72 9564 6628.76 2285.41 729.431 5737.22 8773.16 9614.35 5983.49 2013.47 748.974 6104.02 9999.01 10972 11051.7 13454.6 11856 7868.62 6819.77 7098.83 7235.24 6448.59 6493.82 6684.21 6726.23 
3973.41 3697.91 3191.72 3238.96 3736.75 4042.29 3663.8 3039.28 3688.6 4040.4 3942.93 3990.63 3887.75 3902.47 3890.07 3862.37 4109.42 4449.29 4692.6 4968.55 4759.8 4440.82 2162.05 1724.74 4163.93 6878.39 6252.69 5796.29 2970.68 3328.11 5631.04 9050.28 6818.19 3576.05 0 4046.7 6827.24 8695.31 5165.63 4746.26 5213.45 6631.45 4268.85 3868.73 4416.66 3795.28 3946.24 4195.99 4575.65 4585.03 4625.59 4620.74 4302.01 3109.91 1446.25 3034.92 5331.19 6199.98 5642.99 3041.42 516.753 4021.89 6357 5869.3 4875.93 2112.05 868.015 4288.09 6686.76 5960.92 5039.65 2624.65 836.294 4652.35 6621.16 7822.35 9686.05 7794.68 4803.28 4771.63 5386.39 4949.38 3819.93 3546.64 3825.72 3959.49 
2545.16 2497.2 2089.2 1688.5 1735.69 1990.94 2371.19 2475.39 2465.74 2464.1 2264.97 2357.96 2492.87 2433.98 2377.48 2474.17 2532.08 2422.92 2526.41 2182.51 2767.06 3869.39 5375.22 1819.73 2042.6 5215.17 4801.27 8600.83 9970.65 1520.08 2749.66 5141.34 5709.29 9152.65 4046.7 0 1954.11 3954.24 3779.34 5396.9 5885.19 6166.75 3942.7 1393.34 1754.65 2337.04 1966.82 1927.13 1857.35 2021.47 2326.52 2594.19 2607.72 4017.93 2777.1 1802.66 3404.47 3878.29 6440.62 7815.42 3818.21 851.187 2821.16 3598.14 6732.33 7630.54 2312.74 827.714 2910.58 4008.56 7689.08 9028.53 2392.33 515.106 1878.46 4138.61 4736.15 3091.64 2668.86 3021.54 3768.21 3021.55 2802.1 2566.99 2605.27 2932.04 
3094.2 3130 3039.65 2757.89 2731.08 2823.66 3027.62 3195.4 3130.24 3166.34 3028.09 2963.65 2992.96 2993.85 3087.18 3286.16 3378.29 3114 3136.63 2471.77 3018.01 4140.11 6640 4145.01 2128.87 2705.72 4162.73 8408.11 10447.1 3056.86 1159.11 2452.34 5926.08 10371 6827.24 1954.11 0 1762.83 5079.15 7186.64 6556.54 6999.78 5521.19 2499.26 3245.84 3492.34 2932.69 2733.37 2297.32 2370.17 2377.96 2878.96 2984.1 4388.13 4378.24 3309 2140.63 2434.99 6936.31 9068.62 6143.73 2146.72 999.24 2665.77 8061.21 9320.43 5076.31 1919.23 844.287 3634.05 9393.26 11098.7 5304.53 2323.46 1441.62 3171.49 3820.63 3131.61 3947.82 3666.32 3813.24 2913.3 3494.91 3634.01 3638.92 3908.74 
3340.87 3346.11 3400.49 3377.82 3370.25 3041.09 2868.8 3299.21 3334.96 3279.17 3211.59 3053.8 3053.19 3093.65 3206.83 3471.59 3566.31 3293.91 3221.89 2736.46 3092.64 3967.27 6967.24 5769.36 4166.43 3927.65 3388.6 7399.16 11595.1 5203.08 3234.51 1700.75 4135.74 9931.95 8695.31 3954.24 1762.83 0 3920.16 6984.39 6909.56 7134.53 5859.89 3097.21 3563.1 3938.4 3606.02 3280.04 2527.66 2375.07 2810.56 2889.57 2891.08 4373.83 5261.43 5368.74 4223.56 2092.19 5786.35 8929.98 7756.38 4207.75 2920.85 2091.33 6900.59 9604.38 7196.01 3955.3 2491.12 2466.45 8046.75 11209.4 7480.74 4165.03 3326.15 4505.35 4886.94 3619.63 4470.25 4239.92 3950.36 2825.93 3364.39 3767.44 3790.39 3929.53 
2525.85 2326.74 2552.28 2602.83 2214.11 2340.8 2174.3 1718.23 1741.15 1924.01 1997.73 2120.67 2064.38 2038.38 2004.15 1922.94 1976.92 2040.86 1919.42 2137.79 2324.5 3935.27 4882.79 3616.14 5118.48 8742.02 5473.24 7534.21 9479.44 5059.99 5832.38 7961.81 4503.92 7025.24 5165.63 3779.34 5079.15 3920.16 0 2125.43 5012.97 4739.26 2871.06 2304.19 1897.44 2013.6 2085.26 2209.98 2059.45 1683.01 1941.1 2314.43 2589.46 3694.06 3116.34 4698.18 6696.31 5903.29 5665.82 6222.58 4387.3 4159.9 6115.1 5236.21 5286.82 5853.23 4465.23 3840.25 6002.11 4799.21 5536.02 6481.76 4423.85 3635.42 5825.44 8440.09 7737.73 3521.8 2673.87 3870.82 3863.75 2804.87 1831.03 1771.64 1796.12 1852.4 
2860.25 2704.21 3057.12 3263.89 2874.77 2855.34 2841.67 2304.3 1929.28 2062.31 2263.83 2521.73 2661.61 2641.18 2466.59 2285.78 2199.25 2532.88 2438.69 2943.96 2643.3 3089.74 3495.55 2928.33 4722.48 8830.3 6094.79 7582.01 7827.87 4947.67 6745.55 9994.7 6483.35 7056.47 4746.26 5396.9 7186.64 6984.39 2125.43 0 2208.78 2838.15 1942.94 4008.92 3121.32 2144.41 2408.86 2564.83 2850.04 2898.67 2897.43 2683.61 2532.57 3144.95 2550.13 4155.16 6157.77 6946.5 6054.13 6122.18 3328.4 4719.22 7227.34 6337.89 5454.61 5285.53 3649.36 4669.94 7352.67 5911.23 5944.43 5563.19 3881.7 5649.66 8048.09 10613.5 10722 5520.61 2293.87 4089.48 4931.51 4403.91 2496.1 1802.01 1676.68 1627.45 
3335.84 3501.01 4133.8 4215.62 3765.9 3715.25 3484.14 3145.41 2882.32 3057.05 3166.8 3246.32 3338.22 3478.36 3409.39 3453.55 3522.74 3854.63 4036.6 4116.27 3907.62 3474.59 3038.76 3156.36 3503.76 6346.86 6116.99 7041.94 6198.97 3986 6003.44 8739.59 7314.91 7232.4 5213.45 5885.19 6556.54 6909.56 5012.97 2208.78 0 1191 1997.45 4856.38 4783.84 2732.15 3165.28 3533.86 3846.7 4191.64 4434.93 4112.46 3528.85 2874.84 2696.35 3191.75 4436.42 6050.47 6345.58 6385.03 3665.36 3980.79 6108.64 6028.33 6189.78 6000.97 3857.02 4197.53 6288.79 6120.61 7041.03 6542.83 4356.99 6356.11 8161.11 9374.85 10826.7 7333.57 3842.65 4273.35 5413.05 5336.18 3953.48 3032.48 2736.37 2775.48 
3871.21 4000.17 4918.49 5248.57 4586.01 4306.12 4331.22 3953.28 3386.48 3444.37 3678.49 3766.78 3830.76 3870.72 3883.53 4051.85 4070.12 4373.64 4672.68 4717.23 4306.44 4687.68 5042.13 4126.41 4499.41 7846.37 7411.5 8860.71 8732.76 4470.14 6346.61 9953.58 8203.35 9055.69 6631.45 6166.75 6999.78 7134.53 4739.26 2838.15 1191 0 1207.69 4951.73 5027.38 3352.99 3461.9 4028.18 4202.59 4545.72 4926.49 4695.38 4501.79 4454.03 4037.03 4094.98 5274.73 6944.5 7743.11 8443.59 5393.8 4223.51 6016.69 6909.82 7649.5 8239.51 5292.73 4155.79 6142.71 6981 8372.45 8800.19 5486.01 5817.41 8419.61 11088.2 12152.8 7370.34 4589.68 5222.02 6312.71 6031.81 4726.92 3787.68 3241.75 3291 
2234.63 2250.31 2835.79 3068.88 2586.29 2235.47 2233.85 1995.09 1815.83 1856.16 1962.12 1958.11 2042.2 2079.46 2047.99 2246.5 2385.88 2649.15 2853.98 2889.44 2505.99 2686.06 3173.24 2389.97 3249.21 6723.06 5475.87 6726.8 7555.84 3373.8 4968.68 8236.79 5756.77 6451.09 4268.85 3942.7 5521.19 5859.89 2871.06 1942.94 1997.45 1207.69 0 2369.08 2657.55 1842.66 1902.84 2356.86 2619.44 2788.79 3075.89 2755.7 2493.84 2690.63 2271.61 2793.59 4267.48 5152.88 5132.69 5544.04 3508.62 3131.64 4877.37 4695.02 4712.01 5415.89 3369.83 3030.46 4894.91 4474.34 5273.59 5999.99 3634.28 3970.88 6175.01 8950.2 10352 6023.07 2956.35 3324.6 4208.49 3884.18 2592.73 1900.52 1572.42 1617.33 
1098.65 1201.53 1235.76 1348.37 1104.05 798.658 971.369 952.685 1028.13 1099.13 1019.8 956.598 871.367 855.531 898.54 1149.57 1373.02 1297.69 1355.54 1133.73 1693.7 2740.4 3942.77 1905.58 2682.64 5465.41 4574.65 7537.45 9215.55 2768.74 3042.92 4927.6 4903.76 7430.04 3868.73 1393.34 2499.26 3097.21 2304.19 4008.92 4856.38 4951.73 2369.08 0 696.386 1588.98 1409.4 1099.08 1091.94 1243.51 1478.23 1664.51 1804.85 2939.37 2183.46 2523.78 3811.58 3560.17 5445.03 6219.39 3649.16 2134.83 3311.75 3158.65 5342.15 6122.65 2774.19 2076.41 3140.58 3130.15 5911.71 7179.99 2776.74 1774.35 2899 5457.45 6253.44 3737.04 2717.36 2446.3 2341.78 1432.99 1046.92 993.588 1092.32 1282.42 
1573.66 1525.4 1227.83 929.635 778.549 623.009 821.226 955.353 1026.55 1045.71 1037.14 1219.24 1291.64 1195.15 1102.88 1243.87 1354.55 1309.47 1253.34 1212.43 1702.13 2950.27 4507.29 2294.45 3599.27 6811.57 4501.99 7675.17 9988.91 3906.23 4541.1 5839.89 4547.05 7867.99 4416.66 1754.65 3245.84 3563.1 1897.44 3121.32 4783.84 5027.38 2657.55 696.386 0 790.584 1298.57 1401.29 1265.7 1352.72 1660.95 1670.51 1661.53 3178.44 2527.1 3476.8 5070.15 4059.57 5144.99 6612.99 4010.04 3041.95 4597.36 3598.3 5305.89 6609.21 3215.7 2814.4 4328.09 3381.19 5864.16 7497.36 3206.8 2270.61 3787.38 6923.84 7350.64 3799.66 2324.54 3274.73 3502.22 2262.36 1326.07 992.775 1042.1 1242.82 
1496.26 1419.74 1357.27 847.801 591.626 821.508 746.342 687.823 793.945 878.431 878.199 1138.29 1249.51 1221.18 1072.21 1071 1181.09 1264.15 1317.85 1251.64 1388.14 2243.35 3059.07 1907.82 2746.16 5755.64 4138.93 6189.93 7298.01 3324.99 4548.56 6280.38 4468.81 6327.13 3795.28 2337.04 3492.34 3938.4 2013.6 2144.41 2732.15 3352.99 1842.66 1588.98 790.584 0 635.073 1378.11 1346.81 1295.49 1565.54 1542.82 1332.52 1925.07 1646.63 2698.69 4195.94 3902.57 4356.39 5135.34 2991.06 2763 4427.55 3546.49 4570.06 5143.15 2795.65 2600.69 4237.97 3501.24 5323.2 5942.21 2943.67 2850.22 4118.67 6415.88 7334.76 4072.03 1776.63 2778 3560.59 2610.01 1458.68 924.265 819.989 968.554 
827.892 770.207 1073.55 981.761 525.713 819.464 965.346 717.815 512.73 517.242 463.737 592.747 680.603 633.103 543.681 506.742 526.013 541.276 778.912 807.265 958.154 1976.35 3292.5 1545.05 2052.42 5166.59 4517.57 7213.57 7820.68 2128.66 3240.39 6063.51 5439.4 7134.71 3946.24 1966.82 2932.69 3606.02 2085.26 2408.86 3165.28 3461.9 1902.84 1409.4 1298.57 635.073 0 495.373 616.126 591.395 877.454 1223.7 1332.98 2147.97 1434.21 2042.67 3440.45 3958.08 5423.12 6035.49 3076.07 2013.01 3369.59 3459.23 5439.83 5813.83 2689.54 1982.88 3229.38 3572.59 6310.61 6741.13 2621.03 2077.03 2686.56 4836.44 5799.58 2770.05 1047.56 1516.89 2184.08 1580.49 978.759 729.878 560.644 643.434 
438.035 429.21 673.786 1050.3 793.346 701.164 971.717 787.688 394.984 301.987 287.09 336.452 366.352 330.233 280.223 234.737 199.439 179.228 298.511 406.137 741.3 1769.1 3232.56 1495.33 1944.15 4718.81 4214.89 7681.91 8662.77 2037.15 2411.56 5172.85 5593.3 7952.86 4195.99 1927.13 2733.37 3280.04 2209.98 2564.83 3533.86 4028.18 2356.86 1099.08 1401.29 1378.11 495.373 0 125.93 309.864 500.001 785.539 1145.55 2287.61 1591.66 1984.94 3047.15 3581.15 5808.35 6751.88 3323.4 1855.21 2988.25 3200.77 5689.51 6282.17 2662.98 1889.74 2946.42 3348.08 6570.3 7304.55 2568.86 1871.57 2607.45 4622.51 5448.47 2312.29 1048.77 1278.9 1521.57 985.293 495.234 431.608 400.066 416.308 
515.94 469.473 603.636 918.307 808.551 629.007 805.516 794.857 479.689 333.604 316.747 364.154 400.067 353.037 318.502 311.809 265.983 196.979 288.806 366.882 694.312 1719.77 3502.42 1772.02 1982.78 4305.72 3574.83 7161.56 8950.89 2251.54 2246.31 4305.62 4780.8 7874.08 4575.65 1857.35 2297.32 2527.66 2059.45 2850.04 3846.7 4202.59 2619.44 1091.94 1265.7 1346.81 616.126 125.93 0 128.224 431.277 707.692 974.649 2214.95 1805.86 2237.35 2916.09 2915.85 5295 6769.51 3753.99 1934.62 2640.27 2630.29 5421.42 6503.33 3074.8 1909.36 2547.21 2811.66 6321.07 7605.89 3006.68 1812.56 2352.53 4435.92 5189.28 2055.78 1083.9 1419.23 1599.03 923.658 539.892 553.28 532.968 564.838 
686.396 572.119 711.958 857.842 748.117 754.753 773.744 700.001 541.597 457.338 407.501 443 474.1 441.593 399.574 345.938 312.697 229.867 282.526 408.127 775.666 1878.19 3562.55 2055.57 2282.22 4564.72 3583.45 6716.39 8686.4 2595.31 2530.16 4470.81 4432.89 7320.66 4585.03 2021.47 2370.17 2375.07 1683.01 2898.67 4191.64 4545.72 2788.79 1243.51 1352.72 1295.49 591.395 309.864 128.224 0 322.425 776.125 1052.61 2205.99 1845.18 2575.76 3342.24 3052.12 5030.31 6288.03 3787.5 2254.37 2933.19 2694.01 5143 6079.95 3336.99 2175.33 2792.19 2831.68 5984.28 7139.32 3251.56 1982.34 2460.77 4365.2 4909.46 1870.72 1040.58 1384.17 1481.13 795.607 508.594 644.358 653.988 679.418 
868.078 759.513 922.331 1177.36 925.312 1076.78 1160.8 904.935 680.214 674.375 627.064 755.095 744.522 702.858 658.437 540.36 505.927 443.35 348.814 258.721 619.331 2068.86 3721.88 2196.36 2362.2 4610.81 3943.18 7414.16 8576.8 2908.35 2475.49 4767.05 5275.94 7891.93 4625.59 2326.52 2377.96 2810.56 1941.1 2897.43 4434.93 4926.49 3075.89 1478.23 1660.95 1565.54 877.454 500.001 431.277 322.425 0 595.662 1182.76 2507.31 2038.96 2688.89 3346.26 3420.6 5645.76 6671.43 3719.07 2482.82 3080.07 3101.13 5796.18 6236.96 3379.23 2427.77 2931.39 3357.65 6715.21 7346.34 3343.98 2403.32 2781.5 4539.25 5078.82 2209.74 1361.29 1839.82 1830.61 1023.97 611.806 756.365 838.269 834.932 
1159.69 1006.32 968.24 1160.72 1229.41 1006.91 1172.11 1197.47 949.873 798.605 833.747 943.495 1072.45 1026.2 925.64 869.087 823.685 832.311 719.535 530.445 178.665 1146.11 2987.49 2131.56 2300.8 4036.76 2916.88 6550.42 8263.12 3126.19 2739.96 4149.26 4517.32 7629.95 4620.74 2594.19 2878.96 2889.57 2314.43 2683.61 4112.46 4695.38 2755.7 1664.51 1670.51 1542.82 1223.7 785.539 707.692 776.125 595.662 0 532.792 1852.74 1982.46 2687.63 2948.23 2548.85 4433.79 6214.13 3707.9 2726.01 3129.94 2220.8 4699.67 5950.75 3396.26 2656.29 2991.44 2357.07 5723.1 7164.09 3595.67 2861.35 3459.22 5206.93 6187.87 3115.72 1516.27 2259.36 2648.63 1845.34 947.274 872.067 925.116 887.027 
1426.73 1316.58 1153.17 1181.78 1284.76 1016.4 905.591 1195.79 1217.38 1095.61 1007.71 1084.08 1251.01 1281.28 1164.98 1198.82 1237.43 1290.8 1244.65 1138.03 597.049 427.94 2368.16 1920.96 1878.14 3539.55 1876.18 4722.52 7189.06 2945.58 3127.87 3614.96 2959.46 6156.48 4302.01 2607.72 2984.1 2891.08 2589.46 2532.57 3528.85 4501.79 2493.84 1804.85 1661.53 1332.52 1332.98 1145.55 974.649 1052.61 1182.76 532.792 0 980.794 1577.32 2270.62 2547.7 1890.64 2770.87 4773.21 3207.16 2612.06 3221.16 1489.73 3094.57 4882.31 3002.67 2657 3119.45 1481.45 4138.78 6120.45 3569.82 3274.34 3518.47 5014.44 6411.87 3772.14 1449.26 2080.6 2796.57 2190.72 1278.73 1089.19 1154.65 1175.33 
2062.57 1920.19 1787.06 1822.28 2193.94 2010.22 1427.52 1558.66 1982.85 1981.44 1874.86 1847.37 1914.45 2049.05 1990.76 2035.96 2213.51 2418.17 2582.51 2581.77 1878.73 713.789 701.876 2139.58 2187.81 3155.29 2173.37 2551.31 4020.29 3149.16 3769.96 4650.08 2911.23 3136.12 3109.91 4017.93 4388.13 4373.83 3694.06 3144.95 2874.84 4454.03 2690.63 2939.37 3178.44 1925.07 2147.97 2287.61 2214.95 2205.99 2507.31 1852.74 980.794 0 1121.36 2458.54 2519.41 2271.79 2003.71 2180.52 2311.22 3345.73 3835.27 2059.05 1961.44 2349.89 2821.71 3485.07 3874.58 2059.98 2789.56 3355.66 3429.94 4708.75 4990.14 5449.46 7691.84 5716.83 2593.72 2514.05 3320.16 3076.84 2126.73 1894.74 1943.77 1945.88 
1582.69 1497.79 1516.9 1602.27 1724.04 1832.64 1557.08 1208.96 1465.16 1588.16 1483.28 1484 1486.8 1524.48 1468.24 1474.15 1637.54 1829.33 2057.81 2146.2 1893.25 1671.39 1053.53 501.405 1780.03 4412.13 4050.68 4826.35 3792.24 1874.96 3575.21 6239.13 4949 4052.55 1446.25 2777.1 4378.24 5261.43 3116.34 2550.13 2696.35 4037.03 2271.61 2183.46 2527.1 1646.63 1434.21 1591.66 1805.86 1845.18 2038.96 1982.46 1577.32 1121.36 0 1273.69 3058.57 3792.06 4191.23 3189.52 794.712 2320.88 4042.22 3425.03 3761.3 2632.81 1045.32 2613.13 4212.38 3558.9 4397.14 3448.4 1448.37 3352.27 4157.89 5320.66 7170.57 4873.69 2064.47 2183.35 2863.25 2521.32 1627.17 1379.59 1461.23 1519.58 
2216.14 2343.91 2511.58 2741.59 2682.54 2731.2 2794.81 2552.72 2438.12 2509.62 2337.03 2336.73 2346.4 2392.77 2362.19 2424.46 2603.62 2729.07 3029.84 2715.11 2565.78 2500.9 2884.98 763.161 492.514 3570.39 4769.52 7249.02 6093.97 565.134 2530.2 5933.01 6582.08 7294.17 3034.92 1802.66 3309 5368.74 4698.18 4155.16 3191.75 4094.98 2793.59 2523.78 3476.8 2698.69 2042.67 1984.94 2237.35 2575.76 2688.89 2687.63 2270.62 2458.54 1273.69 0 1684.25 3952.18 6078.04 6082.59 2109.62 699.295 2805.49 3810.32 5959.49 5532.76 1376.2 1164.19 3228.47 4386.44 7111.4 6817.85 1977.52 2417.78 3191.53 4491.71 6618.93 5189.1 2984.38 2765.42 3782.18 3530.02 2867.55 2444.75 2449.75 2613.2 
3118.24 3171.9 3237.37 3623.21 3985.84 3575.13 3604.84 3769.69 3551.7 3407.32 3351.44 3266.97 3309.58 3352.69 3428.76 3605.06 3717.34 3756.7 4005.71 3541.24 3009.66 2484.2 3782.96 2970.14 717.201 901.439 3489.34 6541 6953.87 1904.67 982.245 3297.48 6290.36 8222.9 5331.19 3404.47 2140.63 4223.56 6696.31 6157.77 4436.42 5274.73 4267.48 3811.58 5070.15 4195.94 3440.45 3047.15 2916.09 3342.24 3346.26 2948.23 2547.7 2519.41 3058.57 1684.25 0 1931.85 5635.75 7022.51 4445.37 1925.16 803.735 2354.35 6329.21 6962.98 3851.44 2055.23 1133.47 3401.11 7853.43 8729.14 4500.31 3837.05 3182.78 4326.73 6868.06 5776.87 4239.17 3714.46 4654.58 4354.44 4045.15 3784.2 3688.85 3782.7 
3484.23 3333.31 2784.7 2828.41 3594.15 2872.65 2553.51 3424.24 3754.34 3453.81 3325.52 3203.84 3364.17 3407.46 3444.56 3762.37 3873.76 3789.29 3812.42 3416.07 2819.94 2063.67 4214.2 4288.95 2651.24 1280.75 1162.03 4356.71 8086.97 4192.8 2514.36 819.903 2820.45 7098.12 6199.98 3878.29 2434.99 2092.19 5903.29 6946.5 6050.47 6944.5 5152.88 3560.17 4059.57 3902.57 3958.08 3581.15 2915.85 3052.12 3420.6 2548.85 1890.64 2271.79 3792.06 3952.18 1931.85 0 2798.58 6052.85 5734.77 3895.82 2070.91 185.094 3991.94 6829.31 5396.91 3790.7 1843.52 711.301 5223.99 8573.2 6043.41 4609.65 3756.06 4596.45 7006.01 5783.08 4376.74 4095.42 4655.52 3954.98 3775.37 3842.06 3889.87 3949.92 
5240.31 4874.69 4203.01 3944.15 4684.26 4172.49 3117.42 3950.33 5030.63 5038.98 4714.41 4535.09 4824.03 5072.52 4994.17 5238.96 5477.53 5751.99 5767.17 5771.65 4568.15 2425.04 3367.33 5520.15 5564.32 5580.48 1320.23 1375.73 6423.61 6726.18 7263.24 5230.62 717.598 3192.13 5642.99 6440.62 6936.31 5786.35 5665.82 6054.13 6345.58 7743.11 5132.69 5445.03 5144.99 4356.39 5423.12 5808.35 5295 5030.31 5645.76 4433.79 2770.87 2003.71 4191.23 6078.04 5635.75 2798.58 0 2453.79 5187.22 6650.15 6914.09 2248.72 360.58 3628.83 5827.4 6587.92 6666.4 1560.8 824.203 4497.38 6643.67 7760 8262.93 8495.37 10654.3 8977.17 5215.65 4992.72 5907.24 5904.24 4983.63 4819.87 4937.94 5000.52 
