0 55.7769 76.4391 61.209 64.2653 66.2846 64.3814 67.5906 1384 5256.75 4854.44 1781.56 1071.69 707.758 1045.68 2619.75 4471.52 3795.68 1913.35 5182.98 7177.28 6663.17 5359.68 4745.78 3908.2 5164.75 7799.74 3211.95 4139.44 3965.31 2499.72 4159.2 4354.77 2773.47 5453.66 5078.56 2011.05 3379.54 3141.22 4066.45 4319.07 6621.59 5874.91 6546.07 6545.44 7117.72 8988.25 3361.55 2846.39 3799.16 2766.01 4498.7 4734.6 3234.39 3209.8 3629.31 5514.5 5322.19 7388.44 5155.43 2517.49 3468.79 4858.18 6669.68 7124 2932.68 3270.86 4432.91 4418.93 5465.58 5716.26 3955.18 3718.97 8543.44 7500.22 8488.52 5214.96 5181.64 9428.04 7573.95 10077.5 10955.9 4357.39 3006.24 6050.51 5888.82 12038.6 10765.2 2807 4278.97 4472.75 2244.41 5319.85 7796.48 3994.74 2890.88 1543.2 585.859 508.531 716.198 674.105 483.247 333.374 407.357 366.912 502.708 478.749 
55.7769 0 14.3945 10.8741 10.7455 13.3522 12.0182 19.8708 1366.46 5337.06 4978.78 1810.15 1024.22 617.588 998.802 2815.46 4899.43 4151.84 1774.11 4809.31 6738.15 6295.86 5396.19 5003.4 3991.13 5000.07 7406.69 2932.44 4243.18 4070.55 2217.97 3905.71 4209.82 2904.11 5890.22 5551.7 2130.24 3360.54 3235.38 4415.71 4761.53 7086.18 6140.01 6532.61 6492.53 7354.72 9600.09 3681.51 2944.89 3858.43 2939.84 4795.34 5162.99 3502.99 3245.76 3550.96 5374.09 5696.89 8043.86 5524.77 2582.24 3427.03 4930.1 6824.85 7570.83 3154.07 3454.32 4479.32 4713.05 5818.58 6117.94 4201.33 3830.62 8404.84 7437.72 8676.55 5421.94 4873.32 8911.07 7189.05 10374.2 11550.9 4615.75 2912.37 5915.82 5950.26 12445.1 11276.7 2696.73 3940.59 4167.35 2219.74 5757.23 8305.15 4137.89 2836.48 1466.51 564.877 488.319 722.032 720.694 524.47 327.418 384.408 392.805 523.578 499.679 
76.4391 14.3945 0 7.7615 5.46909 4.35319 5.44145 15.7796 1363.17 5316.22 5010.81 1863.06 1098.99 646.235 978.532 2797 4906.94 4204.95 1748.89 4790.27 6673.75 6214.48 5318.21 4967.74 3975.09 4955.21 7307.6 2901.78 4267.85 4155.44 2229.09 3837.13 4111.81 2882.1 5872.35 5600.75 2114.35 3291.78 3154.16 4484.96 4783.64 7171.53 6222.81 6572.97 6407.35 7293.2 9601.53 3740.45 2921.91 3768.33 3014.53 4814.41 5177.51 3522.13 3252.05 3479.15 5305.59 5647.58 8079.48 5598.26 2613.69 3420.23 4931.64 6747.04 7530.49 3146.04 3430.79 4388.8 4733.57 5807.08 6136.75 4206.95 3899.16 8325.63 7413.58 8672.26 5509.41 4947.16 8895.58 6992.72 10196.5 11466.4 4667.47 2854.06 5774.65 5911.32 12505.9 11373.6 2742.97 3884.67 4040.35 2224.11 5789.67 8466.58 4165.14 2784.34 1394.25 569.79 495.644 698.428 712.502 538.46 343.061 366.367 385.203 512.752 498.246 
61.209 10.8741 7.7615 0 1.88818 3.06528 2.37565 8.3463 1358.24 5330.55 4980.31 1860.74 1096.68 649.29 969.43 2731.17 4796.96 4115.98 1805.78 4844.79 6810.08 6326.99 5352.74 4980.58 4048.07 5094.96 7546.15 2970.12 4171 4023.1 2278.24 3948.4 4271.46 2866.02 5771.76 5472.61 2154.59 3447.65 3289.07 4381.2 4685.32 7021.71 6162.88 6639.83 6524.92 7255.85 9444.24 3666.62 3007.76 3951.49 2948.42 4765.21 5096.63 3486.1 3307.33 3643.65 5430.21 5588.68 7919.42 5534.36 2662.65 3532.36 4925.87 6735.03 7431.37 3154.47 3503.48 4562.78 4692.42 5758.51 6011.26 4174.13 3896.68 8538.51 7410.73 8549.19 5359.6 4958.22 9028.84 7238.77 10215.5 11357.3 4585.32 2949.98 6019.91 5957.73 12335.3 11143.4 2765.2 4033.36 4239.59 2209.7 5631.39 8243 4181.11 2832.64 1453.17 584.17 535.563 737.37 718.291 535.759 358.374 417.13 410.9 544.451 526.184 
64.2653 10.7455 5.46909 1.88818 0 1.3436 1.26618 8.23319 1370.34 5360.04 5018.24 1855.41 1075.95 646.476 978.184 2769.12 4876.4 4193.24 1800.26 4819.11 6760.29 6303.88 5381.99 5017.4 4049.65 5061.08 7460.03 2944.46 4266.14 4136.76 2293.03 3946.59 4234.02 2891.37 5867.74 5574.66 2159.66 3402.65 3236.3 4419.94 4743.92 7072 6173.63 6598.52 6493.12 7323.24 9575.89 3715.76 2978.97 3883.67 2958 4809.55 5160.28 3505.49 3287.04 3580.99 5397.28 5654.59 8026.67 5554.15 2612.38 3476.92 4949.51 6801.23 7536.24 3172.3 3497.56 4514.78 4684.71 5799.04 6100.64 4191.07 3901.93 8473.21 7455.01 8678.62 5474.49 4959.43 8981.64 7187.76 10286.7 11509.8 4672.33 2940.83 5934.96 5961.84 12481.1 11333.8 2808.12 4014.64 4203.03 2235.84 5751.13 8401.11 4242.92 2877.11 1456.77 576.955 523.978 736.683 731.978 546.07 357.247 404.314 408 539.337 519.602 
66.2846 13.3522 4.35319 3.06528 1.3436 0 1.21885 8.21425 1354.99 5337.66 5014.54 1850.74 1084.06 654.14 978.784 2750 4851.58 4184.21 1794.55 4803.04 6721.12 6261.44 5322.82 4966.95 4012.29 5008.54 7386.83 2912.27 4243.95 4152.55 2295.63 3909.52 4181.09 2865.43 5834.29 5565.24 2145.83 3359.09 3196.05 4400.44 4721.35 7073.26 6147.78 6549.34 6415.41 7244.07 9521.6 3709.22 2946.5 3837.52 2976.29 4790.93 5140.07 3491.12 3248.71 3528.69 5325.03 5595.65 7989.71 5553.29 2588.02 3432.11 4906.28 6733.62 7488.9 3148.92 3467.42 4474.96 4679.93 5730.66 6058.33 4162.59 3857.6 8382.94 7387.49 8632.11 5471.84 4952.21 8939.84 7114.65 10198.8 11445.6 4669.63 2904.87 5854.67 5900.41 12426 11311.8 2799.86 3976.63 4148.63 2222.16 5726.86 8418.07 4247.11 2873.08 1446.64 575.115 513.039 719.568 722.225 545.624 354.259 390.85 398.587 531.832 513.816 
64.3814 12.0182 5.44145 2.37565 1.26618 1.21885 0 7.68995 1357.34 5336.86 5007.16 1851.74 1063.32 638.751 982.919 2786.6 4889.08 4202.74 1801.1 4834.16 6759.08 6269.3 5342.65 4988.5 4041.37 5058.18 7442.2 2950.3 4276.27 4140.59 2310 3954.53 4233.87 2912.84 5879.73 5581.85 2150.84 3359.86 3212.45 4449.73 4748.02 7096.71 6177.76 6607.59 6489.79 7310.97 9555.12 3697.94 2949.21 3841.23 2983.62 4837.42 5172.04 3508.67 3280.87 3567.28 5372.18 5650.64 8015.58 5573.05 2587.34 3460.43 4963.68 6798.13 7522.37 3147.71 3454.95 4470.09 4729.76 5805.9 6073.54 4185.65 3876.26 8459.1 7442.79 8655.9 5472.42 4980.23 8973.12 7173.31 10285.3 11473.8 4680.62 2940.67 5908.05 5960.7 12485.7 11312.4 2790.91 3994.86 4161.38 2239.55 5758.93 8428.44 4269.03 2874.26 1440.21 571.402 518.028 724.236 716.544 537.735 354.089 395.209 395.851 524.393 506.772 
67.5906 19.8708 15.7796 8.3463 8.23319 8.21425 7.68995 0 1228.51 5187.82 4967.53 1862.09 1090.76 624.735 950.654 2719.2 4777.07 4100.97 1849.77 4905.56 6791.17 6259.09 5277.25 4903.91 3967.74 5024.58 7458.75 2933.3 4266.7 4177.87 2359.19 3942.79 4206.11 2822.55 5783.24 5467.43 2080.17 3357.05 3206.62 4395.82 4665.64 6898.07 6037.46 6496 6387.75 7209.85 9430 3585.84 2927.11 3865.19 2891.03 4710.54 5035.87 3406.2 3225.9 3543.36 5313.58 5588.12 7882.09 5467.79 2574.09 3407.72 4855.42 6702.28 7382.95 3057.16 3426.16 4506.34 4688.77 5738.14 5940.31 4056.03 3814.78 8401.04 7316.41 8552.64 5429.42 5042.13 9090.06 7267.21 10261.7 11419 4573.63 2919.42 5885.75 5817.68 12344.2 11240.2 2812.56 4051.72 4215.34 2218.26 5702.17 8323.5 4213.13 2859.9 1446.62 557.303 502.634 709.023 701.03 522.154 344.599 399.304 390.383 523.132 504.36 
1384 1366.46 1363.17 1358.24 1370.34 1354.99 1357.34 1228.51 0 2538.63 4978.86 3329.09 2509.88 1255.55 1817.65 3931.98 5138.86 3911.48 4143.35 8498.5 8643.33 5968.87 4591.42 4460.68 3898.37 5708.91 8193.33 3244.44 4971.42 6060.75 4647 4813.69 4310.04 2860.67 5840.86 5195.31 1859.57 3174.85 3825.6 6207.29 5198.74 6169.94 5810.92 6093.47 5331.98 6469.38 8879.66 3088.5 3071.22 4510.27 3560.81 4516.06 4494.99 3442.38 3729.12 3653.29 4648.69 5960.44 7695.49 5334.99 3203.73 3293.58 4503.35 6148.6 6565.23 2293.09 2976.76 5145.22 6823.83 6576.67 5249.45 3521.35 4040.51 7628.89 5683.89 7380.98 6378.89 8585.72 12126.7 8510.39 10589.8 11236.8 4514.43 3496.41 5603.69 4050.99 10912.8 11149.8 3843.78 5151.57 4685.13 2790.64 6518.35 8567.56 3896.73 2601.68 2042.07 1418.71 990.225 1065.27 1212.71 1309.52 1319.82 1306.41 1146.57 1299.45 1352.24 
5256.75 5337.06 5316.22 5330.55 5360.04 5337.66 5336.86 5187.82 2538.63 0 2994.9 5697.44 5870.89 3781.61 4006.7 7162.1 8478.59 5669.24 7346.07 14935.7 15366.3 8879.14 5036.6 5401.38 4854.86 7614.18 11900.6 5818.12 6859.21 9457.03 8483.83 6464.89 6179.58 4477.11 7699.55 6808.17 3435.27 4277.8 4898.68 9315.03 7812.37 7034.79 7133.09 7896.16 5342.19 5843.73 9275.87 4068.58 4170.86 6843.36 5294.78 4781.78 4811.85 4647.92 6174.15 6249.53 5199.57 7205.85 9693.99 6458.46 6001.39 5106.75 4913.56 5914.53 6876.93 2851.19 3255.21 6048.47 9490.92 8452.32 6387.85 4022.7 6183.15 8730.72 4626.17 5855.61 7052.03 13477.5 19693.1 12414.5 12883.3 13072.4 5913.04 5308.88 8255.31 3340.26 8801.87 11167.1 6029.45 7149.82 6728.87 4724.02 9220.49 11226.6 5361.41 3016.99 3605.97 4223.87 3793.3 3211.27 3373.47 3868.76 4379.38 4522.75 4113.9 4159.3 4260.59 
4854.44 4978.78 5010.81 4980.31 5018.24 5014.54 5007.16 4967.53 4978.86 2994.9 0 2520.18 4632.32 3818.48 3293.29 6317.93 8996.89 6607.82 5457.3 12389.4 16053.8 11458.5 6072.57 5860.98 5062.5 7158.25 12708.9 7343.33 6316.42 7350.08 6983.92 5253.12 6072.48 5039.13 7848.96 6964.45 4012.89 4438.65 4018.25 7165.84 6603.52 7239.6 7541.02 9268.89 7408.16 6061.51 8551.3 4267.44 3650.81 6302.52 4650.6 4078.34 4315.13 4293.17 6013.11 7232.74 7110.25 6532.46 9307.47 6639.82 5602.02 6430.71 5570.51 5796.85 6801.36 3286.33 2969.87 4886.64 6695.79 7139.39 6260.05 4485.54 6039.22 10895.2 6706.38 5547.83 4631.29 10295.1 18345.5 13086.7 13665.3 13463.8 6271.74 4995.57 9534.46 6150.93 8916.14 9063.94 5054.16 5757.7 6118.28 4539.18 8915.69 11310.2 6513.75 3166.22 2549.46 3343.95 4042.08 3291.33 2915.79 3185.02 3855.94 4293.62 3934.4 3835.78 3848.71 
1781.56 1810.15 1863.06 1860.74 1855.41 1850.74 1851.74 1862.09 3329.09 5697.44 2520.18 0 1075.49 1690.74 1825.54 4296.73 7028.74 5818.86 2421.23 6684.51 10007.2 8744.35 6139.34 5266.22 3825.2 4915.78 8221.45 4947.78 6113.65 5829.06 3263.1 3805.09 4405.63 4235.29 7596.76 7039.28 2777.7 2897.78 2349.83 5119.33 5722.73 8032.71 7081.76 7407.11 6957.89 7599.98 10115.2 4352.35 2623.47 3327.3 3365.25 4503.12 5286.26 4029.03 3906.33 4397.38 5944.24 6594.19 9176.78 6553.66 3273.75 3823.3 5389.68 6879.65 8062.95 3217.08 2753.34 2962.21 4480.45 5910.32 6671.98 4539.63 4079.16 8387.68 8071.86 8715.66 5362.98 5592.65 11561.3 8990.47 12479.7 13398.1 5825.44 3492.1 6416.97 6686.89 12915.7 11636.1 2749.7 3100.55 3566.17 3183.85 8138.88 11037.9 6313.04 3717.73 1531.02 1042.6 1596.69 1515.66 1314.8 1180.93 1253.91 1483.8 1470.98 1378.32 1293.05 
1071.69 1024.22 1098.99 1096.68 1075.95 1084.06 1063.32 1090.76 2509.88 5870.89 4632.32 1075.49 0 747.242 1811.17 4714.73 7480.61 6369.63 2575.84 6574.94 8786.19 7743.5 7172.46 6723.23 5122.02 6205.27 8008.87 3819.25 6215.71 5820.23 2888.17 5178.06 5444.72 4651.47 8500.7 8093.29 2885.39 2959.92 2758.48 5840.82 6661.26 9488.42 8393.66 8054.75 7448.88 9081.46 12176 4907.18 3136.93 3216.54 3038.41 5953.09 7030.54 5159.46 4788.91 4376.4 5955.02 7959.01 10762.2 7595.12 3076.79 3451.35 5932.07 8575.59 10019.2 3833.75 3234.06 3624.2 5480.11 7452.09 8087.57 5737.38 4783.66 8850.27 8376.53 10182.8 6840.85 5801.31 10120.8 8732.51 13705.2 14823.2 6828.4 4416.25 6435.69 6754.55 14456.7 13429.7 2621.48 3272.13 3721.13 3284.24 8502.56 11549.1 6121.17 3789.16 1724.78 789.011 884.421 1096.46 1105.74 906.297 818.223 885.325 859.69 818.8 755.63 
707.758 617.588 646.235 649.29 646.476 654.14 638.751 624.735 1255.55 3781.61 3818.48 1690.74 747.242 0 623.434 3490.39 6198.01 4870.87 2463.95 6739.22 8139.71 5724.33 4828.04 5090.43 4094.67 5416 7633.81 2632.89 4947.46 5267.19 3019.87 4304.44 4237.11 2932.65 6997.26 6648.81 2298.17 2926.79 2865.74 5926.65 6109.28 7782.95 6764.69 6466.4 5530.45 7300.56 10751.3 4161.99 2918.05 3616.83 2747.11 4841.36 5626.86 3973.44 3911.19 3489.3 4295.94 6735.54 9790.95 6321.95 2718.95 2729.88 4318.54 6683.57 8310.62 3112.22 2791.31 3779.31 5637.28 6740.28 6641.88 4361.48 4120.49 7661.35 6142.92 8101.51 5927.21 6521.57 10694.9 7378.65 11519.7 13144.3 5461.4 3564.62 5854.01 5087.13 12486.5 12013.1 2755.36 3545.46 3446.08 2049.79 7225.85 10093.3 4693.24 2468.07 1311.87 751.796 594.069 632.974 740.181 686.252 687.07 782.742 664.385 706.737 688.484 
1045.68 998.802 978.532 969.43 978.184 978.784 982.919 950.654 1817.65 4006.7 3293.29 1825.54 1811.17 623.434 0 1732.85 4552.13 3933.42 2668.51 6860.55 8948.67 6717.47 3913.16 4101.87 3760.11 5174.76 8182.83 3036.05 4307.83 4894.35 3355.38 3855.47 3789.67 1603.2 5223.28 5341.44 2572.86 3514.5 2834.64 4370.38 4953.89 6453.66 6088.22 6000.53 4587.85 5449.23 8759.67 3995.2 3255.68 4318.18 2088.95 3168.77 4051.56 3353.06 3697.9 3655.67 3899.09 4958.65 8199.93 5781.7 3465.4 2943.09 2850.31 4758.84 6416.93 3092.21 3235.14 3937.23 3713.35 4775.44 5354.53 3669.18 4051.09 7401.32 5231.41 6789.23 4800.53 6640.57 11910.9 7464.32 9211.9 11303.6 4697.27 3295.36 6147.54 4359.92 10708.9 10440.4 3254.38 4114.8 3957.47 1501.68 5805.2 8702.57 4534.29 2525.07 1460.22 1145.93 1165.06 930.145 918.591 930.895 1004.94 1230.07 1079.93 1161.94 1138.55 
2619.75 2815.46 2797 2731.17 2769.12 2750 2786.6 2719.2 3931.98 7162.1 6317.93 4296.73 4714.73 3490.39 1732.85 0 1547.14 2750.8 5360 9060.99 11202.3 10434.3 5266.88 4279.41 5615.91 7900.19 11082.8 5273.1 3780.82 4872.82 5487.83 6421.05 5815.21 1023.16 2350.89 3665.86 4754.83 6793.64 4972.37 1996.03 3206.56 6146.9 7297.75 7335.06 5542.48 4036.53 5927.97 5199.47 6037.47 6988.41 2489.5 2064.04 3060.97 4584.34 5681.87 5770.28 5700.95 2779.01 5606.46 6520.08 6580.02 5275.63 2334.88 3565.43 4704.89 4999.42 6187.45 6865.57 2046.24 2157.71 4375.43 4877.79 5567.08 8902.74 5783.11 6591.45 4953.2 8611.09 14183.8 9508.55 5909.27 7817.97 4642.19 5596.73 8346.18 4866.17 8301.39 8370.77 5411.29 7515.75 7613.22 2499.79 2910.9 5631.89 4888.83 4879.56 4403.7 3584.7 3247.36 2931.77 2824 2865.75 2894.58 3180.73 2963.1 3288.13 3249.31 
4471.52 4899.43 4906.94 4796.96 4876.4 4851.58 4889.08 4777.07 5138.86 8478.59 8996.89 7028.74 7480.61 6198.01 4552.13 1547.14 0 1361.8 7781.66 12183.9 14049.2 13442 6837.3 3809.48 6205.78 9906.46 13971 8404.54 4053.16 5123.3 7918.79 8619.29 8359.04 2979.24 898.614 1891.63 5948.93 9078.27 7402.4 2935.22 2226.62 5924.58 8180.95 9545.78 8145.35 4578.95 3412.32 5377.8 8304.44 9114.27 4413.57 2457.61 2487.38 5465.56 7309.69 8221.46 8737.01 2471.72 2982.19 7047.05 9264.48 8041.97 4403.61 3793.39 2935.12 5857.54 8079.58 9338.22 4160.03 2489.67 3103.05 5654.94 6719.17 11050.7 7905.12 6272.36 5183.5 11620 17631.6 12997.6 5414.52 3968.08 3522.31 7342.9 10755.2 6529 7485.16 6391.99 7055.45 10286.9 10820.8 5046.88 1967.2 2802.88 4991.8 6432.66 6711.9 5945.31 5286.19 4876.73 4550.93 4698.96 4851.26 5133.3 4776.22 5186.11 5218.7 
3795.68 4151.84 4204.95 4115.98 4193.24 4184.21 4202.74 4100.97 3911.48 5669.24 6607.82 5818.86 6369.63 4870.87 3933.42 2750.8 1361.8 0 5725.8 10827 12478.7 11079.2 5855.37 2449.35 3361.57 6899.03 11630.2 7511.64 4108.34 3851.94 6471.57 6098.63 6220.77 3253.43 2206.71 755.574 4237.02 7159.28 6331.04 4509.79 2767.17 3899.36 5327.13 7254.19 7358.08 5320.93 3354.59 3517.28 6624.1 7761.26 4151.28 2448.96 1383.45 3476.41 5029.19 6500.42 7779.58 3816.47 2576.83 5036.27 7266.48 6477.94 4614.5 4161.68 1906.32 3918.62 6245.09 7872.9 5593.8 4113.26 2102.66 3389.36 4434.53 9401.96 7463.88 5509.68 3036.25 10089.8 16423.4 12582 7905.91 4843.01 1409.34 5073.31 9109.07 6217.83 7876.11 5296.94 5392.35 8258.98 8800.69 4834.5 3545.62 2717.1 3709.16 4992.1 5260.47 4840.55 4303.86 4036.9 3665.23 3753.56 3959.61 4335.98 3986.83 4310.01 4350.6 
1913.35 1774.11 1748.89 1805.78 1800.26 1794.55 1801.1 1849.77 4143.35 7346.07 5457.3 2421.23 2575.84 2463.95 2668.51 5360 7781.66 5725.8 0 3345.81 7529.2 7947.44 7092.26 6028.34 2775.42 3178.91 7323.03 5148.17 6718.76 5265.48 1490.41 2826.84 4851.89 5550.88 8715.54 7291.68 2489.6 3849.93 3673.04 6531.41 7212.83 7974.94 5724.39 7554.72 8492.84 9819.39 11698.2 4260.3 3362.34 4486.94 5087.11 6712.31 6608.27 3295.54 2909.59 4736.33 7103.44 8128.22 9798.8 5916.29 3732.36 4777.82 7403.08 8788.24 8977.45 3760.2 4320.22 4240.72 6321.59 7983.54 8057.91 3926.24 4075.98 9193.14 10242.6 11009.7 5501.68 2756.01 9518.91 8138.92 13011.4 13734.8 4312.25 2065.73 6935.35 8574.05 15694.2 13267.1 2503.7 3504.02 4413.17 4309.7 8861.21 11051.5 5762.98 4286 2288.94 1886.03 2368.49 2554.88 2426.69 2026.6 1718.21 1928.26 2183 2119.86 2034.68 
5182.98 4809.31 4790.27 4844.79 4819.11 4803.04 4834.16 4905.56 8498.5 14935.7 12389.4 6684.51 6574.94 6739.22 6860.55 9060.99 12183.9 10827 3345.81 0 3090.93 8484.33 10770.6 10496.9 7558.29 4180.23 5756.98 7201.83 10928.6 8890.2 3696.76 3821.29 6199.99 10294.8 14583.8 13215.3 8827.82 8857.25 9181.12 10600.6 12078.3 13928.1 8317.62 7914.56 12039.3 15495.4 17631.2 11021.9 7980.13 8511.34 10332.6 12664.6 12940.1 9131.25 4384.49 6334.63 10962 13335.3 15028.9 11554 5860.54 7889.63 12075.6 14050.8 14534.8 10709.2 11209 10607.8 11119.4 11991.2 12685 9604.06 5637.73 11786 15227.9 17007.4 9892.92 1465.13 3673.12 9119.86 18485.9 20228.6 10409.3 4337.53 8648.73 14719.4 22818.7 19364.7 7731.74 6002.21 7614.9 9109.22 14124.3 16366.5 12627.7 11303.3 7868.23 6207.17 6727.05 7664.01 7640.36 6949.47 5855.37 5911.09 6613.43 6922.95 6785.48 
7177.28 6738.15 6673.75 6810.08 6760.29 6721.12 6759.08 6791.17 8643.33 15366.3 16053.8 10007.2 8786.19 8139.71 8948.67 11202.3 14049.2 12478.7 7529.2 3090.93 0 5641.93 10947.8 10972.2 9653.66 5819.88 2917.91 6493.14 13636.8 12205 6673.5 5310.12 4752.66 11359.7 17434.3 15824.5 11852.4 9776.79 10887.6 14998.7 15046 17281.8 10787.9 5812.45 10567.1 17569.7 20736.9 14580.8 10305.5 8643.54 12799.1 15283.4 15834.6 12963.2 6029.42 4424.25 9941.31 16623.5 18034.8 15161.7 6788.09 6881.09 12793.8 15700.6 17009.6 13309.1 13371.4 12617.5 15453 14777.7 14291.8 12724.7 6289.72 9035.35 15183.9 18914.6 13615.2 5900.82 1518.52 6703.01 20748.9 22979.1 13986.3 6855.1 5600.32 14803.1 25510 22652 10500.9 7167.36 7011.58 10866.9 17797.9 19324.1 14866.3 13800 10738.8 8762.78 8045.76 9446.55 9984.47 9528.31 8218.57 7723.87 8476.29 9050.81 9040.21 
6663.17 6295.86 6214.48 6326.99 6303.88 6261.44 6269.3 6259.09 5968.87 8879.14 11458.5 8744.35 7743.5 5724.33 6717.47 10434.3 13442 11079.2 7947.44 8484.33 5641.93 0 4568.69 8123.01 8137.94 6993.81 5239.68 3439.25 11652.8 12782.6 8394.97 6415.09 5290.03 8111.2 15460.1 14617.1 9914.56 8407.87 8726.12 16095.1 15155.2 15086.3 10165.8 6408.06 6118.34 12923.6 18799 12474.6 8908.23 8933.34 12660.2 13096.1 13467 10940.7 6843.87 4669.03 4115.97 13831.2 17611.5 13083.6 6453.11 5305.08 9505.58 11865.9 14891.2 10664.3 9952.68 10163.6 15807.7 13435.3 12065.8 10142.4 6477.16 6795.82 9120.63 14308.7 12469.9 10031 9028.35 3568.9 15786.2 20718 12505.6 7374.53 6294.51 9374.57 21177.3 20708.4 9746.49 7328.19 5159.68 5741.02 15673.6 19227.6 13429.5 10433.7 8485.85 7674.95 6736.55 7180.82 7881.8 7978.15 7381.04 7080.44 7296.51 7670.07 7684.37 
5359.68 5396.19 5318.21 5352.74 5381.99 5322.82 5342.65 5277.25 4591.42 5036.6 6072.57 6139.34 7172.46 4828.04 3913.16 5266.88 6837.3 5855.37 7092.26 10770.6 10947.8 4568.69 0 2638.01 4818.85 6142.01 8326.86 4716.06 7347.67 10023.8 8887.14 5706.7 4729.87 4053.13 7379.12 7929.56 6713.63 6333.82 5774.34 9564.29 8571.38 9295.99 6757.18 5677.92 3509.1 4913.34 9368.46 7319.47 5755.91 7037.95 8793.21 6465.65 6321.72 6264.73 4968.35 4532.77 2570.14 5572.1 9603.53 7849.21 5651.94 4430.94 4407.85 4573.9 7094.8 6136.5 5843.78 6418.35 9303.12 5784.17 5571.96 5457.65 4625.24 5526.04 4847.59 7389.53 7885.82 11346.8 15131.8 6120.27 6966.24 10620.3 7103.18 5365.68 6666.91 5059.54 12015.6 12884.9 7850.22 7606.13 5906.2 3499.02 8387.09 12255.9 9235 6823.11 5901.85 6106.84 5410.88 4850.88 5069.7 5574.21 5653.62 5622.65 5481.97 5721.08 5750.52 
4745.78 5003.4 4967.74 4980.58 5017.4 4966.95 4988.5 4903.91 4460.68 5401.38 5860.98 5266.22 6723.23 5090.43 4101.87 4279.41 3809.48 2449.35 6028.34 10496.9 10972.2 8123.01 2638.01 0 2167.4 4929.43 8356.65 6692.66 6714.75 7820.7 7826.52 4832.35 4318.01 4245.15 4945.06 4049.48 5178.75 5621.81 4974.29 7256.06 4900.55 6371.08 5334.17 5393.31 4987.99 5067.7 5438.03 5389.96 5548.23 5738.5 6371.33 4123.3 3197.64 4422.45 3964.59 4375.13 4939.91 4525.44 4951.22 6908.06 5740.63 4598.56 4671.35 3828.57 3486.26 4529.09 5470.16 5635.62 7278.72 4341.62 2433.72 3751.41 3404.76 6124.02 6736.64 6427.43 5409.6 10799.6 15647.2 9412.19 7922.66 6567.73 3834.26 4541.95 6286.5 5881.39 10966.8 9428.71 6682.7 7103.89 6404.83 5047.71 7083.31 8186.76 7852.19 6594.03 5317.65 5430.41 4950.43 4471.91 4311.93 4648.56 4798.85 4867.09 4682.81 4882.57 4930.64 
3908.2 3991.13 3975.09 4048.07 4049.65 4012.29 4041.37 3967.74 3898.37 4854.86 5062.5 3825.2 5122.02 4094.67 3760.11 5615.91 6205.78 3361.57 2775.42 7558.29 9653.66 8137.94 4818.85 2167.4 0 1821.96 6603.45 6449.76 8090.44 7939.85 5073.39 2687.93 3300.12 5023.8 7375.93 5097.91 2708.62 3430.99 3510.36 7654.68 6280.34 5208.87 3299.43 4430.89 5785.28 7772.45 8644.62 3794.32 3474.37 4259 5704.36 4780.23 3888.35 2343.95 1739.27 3412.91 5442.06 7011.95 6885.73 4855.19 4052.11 3534.25 5925.91 6378.25 5597.49 2737.11 3820.64 3874.28 7191.65 6571.9 4803.92 1924.94 2226.84 5678.02 8482.7 9223.3 5578.07 7380 13907 9507.61 11730.5 10860.6 2738.33 1909.96 5102.47 6453.97 13732.4 12124.6 4564.82 4872.42 5063.56 5365.38 9431.1 10132.1 6448.38 5568.78 3879.52 3752.03 3655.74 3648.45 3619.76 3557.68 3441.02 3590.8 3716.08 3713.53 3673.8 
5164.75 5000.07 4955.21 5094.96 5061.08 5008.54 5058.18 5024.58 5708.91 7614.18 7158.25 4915.78 6205.27 5416 5174.76 7900.19 9906.46 6899.03 3178.91 4180.23 5819.88 6993.81 6142.01 4929.43 1821.96 0 3253.88 6258.67 10478.8 10031.3 4880.9 1155.57 2056.16 7239.61 11595.8 9239.12 5152.82 4058.55 4933.94 10195.7 9792 8822.54 3655.58 2920.82 6150.59 10685.8 13099.1 7171.96 4174.29 4768.9 8088.25 7774.15 7605.92 4915.27 981.729 2503.3 5926.81 10387.2 11213.6 7439.19 3583.45 3418.95 7743.79 9026.54 9281.55 5751.43 5944.57 5460.07 9677.76 9009.04 8230.65 4386.84 1784.46 5097.53 10219.3 12427.2 7746.95 5055.29 8856.69 8306.91 15659.5 16463.6 6468.77 1305.04 3874.46 8882.33 17987.9 16230.8 6257.18 3910.4 4426.11 7430.27 13533.9 14698.9 9536.15 8082.69 5558.08 5006.75 5012.8 5420.75 5644.96 5449.06 4811.86 4786.82 5304.47 5433.51 5361.08 
7799.74 7406.69 7307.6 7546.15 7460.03 7386.83 7442.2 7458.75 8193.33 11900.6 12708.9 8221.45 8008.87 7633.81 8182.83 11082.8 13971 11630.2 7323.03 5756.98 2917.91 5239.68 8326.86 8356.65 6603.45 3253.88 0 5368.1 14186.5 14006.3 7145.86 3572.76 2178.81 10084.5 16834.1 15251 10526.9 6448.18 6781.27 15014.2 14896 16640.7 10005.5 3412.62 6017.12 14361.2 19319.1 13750.2 8379.39 5285.02 11674.2 12279.8 13599.7 11870.4 4898.71 1909.89 5656.26 15230.3 17743.4 14942.2 6118.41 3376.03 9731.45 12234.1 14899.2 11251.6 10629.5 7945.06 14096 12540.9 12772.3 10802.3 4614.59 3272.95 11611.3 16737.5 12783.9 7395.58 5063.02 5649.5 19461.3 22472 13295.8 5652.52 1950.16 10774 23679.3 22383.2 9186.36 4368.15 3520.78 9838.29 18956.8 20912.4 14565.4 12413.1 9041.71 8097.68 7161.99 7997.05 8804.37 8755.23 7660.17 7036.37 7798.32 8164.5 8154.21 
3211.95 2932.44 2901.78 2970.12 2944.46 2912.27 2950.3 2933.3 3244.44 5818.12 7343.33 4947.78 3819.25 2632.89 3036.05 5273.1 8404.54 7511.64 5148.17 7201.83 6493.14 3439.25 4716.06 6692.66 6449.76 6258.67 5368.1 0 5356.15 7762.37 4434.56 4717.33 4051.69 3270.9 9151.88 10097.8 6291.63 6002.46 4757.55 8066.54 9330.2 11376.9 9267.47 5527.15 2741.39 6613.09 13302.3 8691.1 6407.25 6194.73 5550.87 6749.33 8605.34 7804.78 5862.34 3503.4 2042.78 7806.42 13213.6 10308.2 5076.36 2872.2 3482.74 6212.81 10608.4 7273.86 7165.51 7304.28 7772.61 6961.1 8756.2 7403.42 5683.54 5084.47 3677.06 8633.92 8079.02 6991.13 8872.4 4396.17 10917.2 16231.7 9058.49 5608.5 5089.61 3476.94 12547.8 14927.5 5491.59 4405.25 3865.42 2285.96 9235.06 13407.1 7645.63 5437.88 4481.78 3767.18 2810.79 2910.59 3661.79 3819.04 3351.61 3176.6 3315.96 3716.25 3706.75 
4139.44 4243.18 4267.85 4171 4266.14 4243.95 4276.27 4266.7 4971.42 6859.21 6316.42 6113.65 6215.71 4947.46 4307.83 3780.82 4053.16 4108.34 6718.76 10928.6 13636.8 11652.8 7347.67 6714.75 8090.44 10478.8 14186.5 5356.15 0 2540.15 5796.5 7373.11 8636.4 3552.46 2523.51 4338.68 6296.75 9537.96 8291.6 4005.87 3595.08 8195.21 10217.3 11233.3 7662.41 3124.99 4659.16 6268.39 8564.98 10545.1 5193.03 3833.7 4330.67 6665.23 8738.14 9443.24 8116.93 2611.05 6190.13 8494.53 9078.22 8884.09 4156.84 2997.8 4573.11 6729.45 8324.17 10728.7 6315.8 3634.01 4445.04 7032.51 8312.18 12549.4 4551.54 2543.17 3639.15 9338.26 15280.1 11986.2 6857.59 6790.26 5322.71 7147.92 12266.7 5581.98 3740.62 4586.24 5631.46 7989.92 9272.38 3802.23 2086.02 4651.06 4251.36 3534.6 4952.01 5170.23 4668.73 3856.79 3758.64 4204.46 4438.6 4677.31 4333.62 4854.17 4941.84 
3965.31 4070.55 4155.44 4023.1 4136.76 4152.55 4140.59 4177.87 6060.75 9457.03 7350.08 5829.06 5820.23 5267.19 4894.35 4872.82 5123.3 3851.94 5265.48 8890.2 12205 12782.6 10023.8 7820.7 7939.85 10031.3 14006.3 7762.37 2540.15 0 4182.35 7129.66 8822.51 5786.97 4960.72 3388.94 6272.14 9533.66 8999.98 5431.41 4532.21 8230.61 10211.1 12019.8 11762.5 7823.67 5871.73 5418.08 8884.9 10217.9 5583.42 5882.67 5229.35 6756.63 8322.48 9881.92 11534 6111.55 5684.09 8702.86 9020.57 9934.92 7628.42 6855.58 5108.6 6626.54 8672.56 10713.4 7366.7 7146.4 5193.49 7663.52 7717.61 14817.3 9746.22 5757.28 1906.4 7513.54 13150.4 13270.5 11340.7 7888.3 3982.35 7025.19 12471 10177.4 8614.8 3827.58 4008.92 7811.6 9092.66 5645.86 4202.29 3660.18 4249.65 4477.2 4895.07 4993.55 5051.7 4749.18 4102.25 4099.45 4357.38 4774.91 4439.44 4808.06 4915.87 
2499.72 2217.97 2229.09 2278.24 2293.03 2295.63 2310 2359.19 4647 8483.83 6983.92 3263.1 2888.17 3019.87 3355.38 5487.83 7918.79 6471.57 1490.41 3696.76 6673.5 8394.97 8887.14 7826.52 5073.39 4880.9 7145.86 4434.56 5796.5 4182.35 0 2944.73 5249.15 5588.81 8831.38 8231.97 3979.65 5183.47 5026.92 6381.83 7926.05 11268.9 9275.41 8382.23 8744.86 10106.6 12708.4 6516.12 5424.12 5810.21 4721.87 6718.39 8199.92 6594.54 5142.35 5524.23 7696.97 8753.77 11496.2 9622.4 6160.43 5479.73 6975.05 8826.5 10149.5 5867.08 6494.95 6206.34 6645.24 8346.04 9471.79 7220.94 5664.78 9525.92 9613.66 10603.3 5594.82 2285.33 7577.67 8053.62 13955.3 14834.5 5773.47 3446.52 7373.56 8519.09 14669.4 12800 1504.79 2601.76 4468.66 4539.28 8714.88 10573.2 5540.99 4287.38 3147 2569.03 2649.5 2995.95 3039.8 2621.21 2138.48 2328.16 2641.48 2761.98 2692.98 
4159.2 3905.71 3837.13 3948.4 3946.59 3909.52 3954.53 3942.79 4813.69 6464.89 5253.12 3805.09 5178.06 4304.44 3855.47 6421.05 8619.29 6098.63 2826.84 3821.29 5310.12 6415.09 5706.7 4832.35 2687.93 1155.57 3572.76 4717.33 7373.11 7129.66 2944.73 0 1544.32 5767.56 9590.94 8077.59 4892.16 4031.92 4585.32 8547.88 8242.81 9377.56 5689.63 4003.41 5639.05 8604.48 11134.1 6917.3 4421.52 4979.15 6472.38 5975.32 6566.83 5616.38 2229.17 2884.76 5624.88 8589.92 10512.8 8555.06 4589 3934.07 6194.2 6853.02 7804.59 5574.22 5926.27 5657.24 8446.34 7684.74 7082.51 5245.55 2690.2 5794.06 8038.12 9010.5 5360.34 3796.85 7403.1 7342.96 14161.1 14692.2 6031.37 1405.53 4248.9 7599 14275.4 12714 4361.57 2047.01 3123.08 5673.61 11162.3 12401.9 7792.28 5648.3 3889.05 3851.9 3962.49 4109.63 4218.81 4148.33 3677.87 3719.4 4122.8 4341.78 4326.17 
4354.77 4209.82 4111.81 4271.46 4234.02 4181.09 4233.87 4206.11 4310.04 6179.58 6072.48 4405.63 5444.72 4237.11 3789.67 5815.21 8359.04 6220.77 4851.89 6199.99 4752.66 5290.03 4729.87 4318.01 3300.12 2056.16 2178.81 4051.69 8636.4 8822.51 5249.15 1544.32 0 4699.13 9821.59 8288.54 5584.76 3445.27 3725.72 9191.89 8481.39 9354.92 5772.3 1937.11 3539.46 8333.58 11658.6 7536.3 4348.85 3438.39 6556.03 6034.3 6555.67 6044.3 2347.83 728.3 3799.26 8859.43 10735.6 8493.89 3547.96 1970.91 5163.16 6720.84 8168.73 5602.95 5456.43 4857.41 8323.35 7408.25 7045.82 5480.09 2373.3 3068.95 7319.84 9954.64 7225.65 7211.88 7612.86 5501.39 13346.1 15197 7519.37 2662.36 1431.38 6415.23 15045.5 14041.3 5887.39 3302.44 2342.69 5414.32 11928.9 13379.7 8101.67 6418.52 4576.05 4289.55 3729.04 4033.21 4444.48 4548.18 4112.21 3801.42 4146.73 4441.35 4484.13 
2773.47 2904.11 2882.1 2866.02 2891.37 2865.43 2912.84 2822.55 2860.67 4477.11 5039.13 4235.29 4651.47 2932.65 1603.2 1023.16 2979.24 3253.43 5550.88 10294.8 11359.7 8111.2 4053.13 4245.15 5023.8 7239.61 10084.5 3270.9 3552.46 5786.97 5588.81 5767.56 4699.13 0 3154.21 4437.11 4072.98 5768.95 4097.72 3157.54 4460.05 6176.47 7003.59 6111.25 3015.78 3114.57 6943.1 4992.96 5197.28 6576.78 2563.62 2013.59 3239.23 4330.19 5428.95 4732.52 3238.1 3170.58 6985.19 6065.45 6005.1 3871.23 1019.26 2948.39 5310.73 4325.54 5073.74 6216.59 2834.78 2684.74 4968.33 4342.79 5348.97 6677.04 3218.89 5793.87 5413.68 9454.53 14908 7567.6 5779.3 9320.02 4856.18 5108.33 7017.74 2165.09 7196.08 9187.09 5092.61 6772.57 6355.66 1206.76 3823.44 6938.3 4004.59 3595.79 3814.24 3311.21 2628.39 2270.28 2519.74 2718.37 2771.98 2968.48 2759.67 3075 3055.93 
5453.66 5890.22 5872.35 5771.76 5867.74 5834.29 5879.73 5783.24 5840.86 7699.55 7848.96 7596.76 8500.7 6997.26 5223.28 2350.89 898.614 2206.71 8715.54 14583.8 17434.3 15460.1 7379.12 4945.06 7375.93 11595.8 16834.1 9151.88 2523.51 4960.72 8831.38 9590.94 9821.59 3154.21 0 2038.04 6079.96 9824.17 8047.08 2640.36 1756.92 6071.36 9524.82 11859.6 8561.03 2739.25 2226.72 5274.12 8719.14 10451.1 4988.61 2078.49 2124.14 5637.43 8971.84 10210.3 9475.25 1070.73 2989.67 7035.63 10585.9 9748.37 4260.71 2520.75 2448.68 5893.07 8076.11 10060 4444.93 1976.03 3126.75 5961.43 8649.24 12824.2 6698.91 4052.13 5046.07 13238.6 20716.1 14486.1 4333.69 3195.79 3857.34 8040.7 12783.4 5947.08 4132.94 4735.24 7490.85 11135 11914 5183.9 908.527 2683.2 4205.75 5126.11 6487.63 6545.53 5931.04 5020.87 4713 5143.55 5556.28 5827.71 5366.46 5782.97 5861.51 
5078.56 5551.7 5600.75 5472.61 5574.66 5565.24 5581.85 5467.43 5195.31 6808.17 6964.45 7039.28 8093.29 6648.81 5341.44 3665.86 1891.63 755.574 7291.68 13215.3 15824.5 14617.1 7929.56 4049.48 5097.91 9239.12 15251 10097.8 4338.68 3388.94 8231.97 8077.59 8288.54 4437.11 2038.04 0 4826.92 8546.31 7850.99 4472.69 2099.39 3364.42 6432.02 9970.31 9985.84 5567.52 1908.55 2924.15 7596.8 9535.41 5073.67 2992.09 1105.28 3689.77 6638.45 9028.33 10674.3 3655.93 1205.16 4917.68 8684.93 9150.81 6299.82 4783.52 1162.71 3986.85 6930.24 9489.56 5997.06 4764.55 1916.63 3972.13 6233.53 12828.2 9215.11 5223.03 2706.72 12319 19508.1 15681.7 8362.3 3843.89 1426.72 6399.65 11455.1 7841.73 6849.17 3389.21 6472.1 10682 11071.9 6316.69 3128.69 1674.82 3667.47 5247.05 5821.43 5890.5 5668.93 5176.34 4486.95 4676.28 5171.72 5587.42 5083.99 5396.38 5514.49 
2011.05 2130.24 2114.35 2154.59 2159.66 2145.83 2150.84 2080.17 1859.57 3435.27 4012.89 2777.7 2885.39 2298.17 2572.86 4754.83 5948.93 4237.02 2489.6 8827.82 11852.4 9914.56 6713.63 5178.75 2708.62 5152.82 10526.9 6291.63 6296.75 6272.14 3979.65 4892.16 5584.76 4072.98 6079.96 4826.92 0 2092.63 2780.21 5356.81 4808.85 5421.77 5256 8192.54 8003.62 7712.07 8768.73 1348.61 1548.68 3841.12 3551.11 4448.03 3993.11 1776.5 3396.77 5076.04 7103.04 6013.17 7086.21 3645.65 3621.22 4757.4 6331.71 7542.21 6710.78 642.26 1397.1 3268.31 5485.29 7045.95 6390.72 2349.82 4610.22 9746.24 8804.56 9098.56 6206.94 7848.25 15034 10787.7 11358.1 11009.3 3111.92 2284.06 6901.6 5736.63 11769 11281.6 2695.18 5305.39 5631.62 3963.74 6864.55 8784.76 3120.26 2199.75 1482.48 1275.65 1442.04 1438.61 1322.69 1203.63 1330.47 1440.43 1384.57 1252.23 1260.92 
3379.54 3360.54 3291.78 3447.65 3402.65 3359.09 3359.86 3357.05 3174.85 4277.8 4438.65 2897.78 2959.92 2926.79 3514.5 6793.64 9078.27 7159.28 3849.93 8857.25 9776.79 8407.87 6333.82 5621.81 3430.99 4058.55 6448.18 6002.46 9537.96 9533.66 5183.47 4031.92 3445.27 5768.95 9824.17 8546.31 2092.63 0 1457.78 8275.16 7748.68 9656.26 7302.96 6456.47 6722.11 9338.79 12188 4210.67 898.881 1235.05 5202.19 6392.29 6777.16 4678.78 3255.57 2689.41 5552.14 8705.82 10831.1 7074.83 2836.21 2861.27 6955.08 8789.81 9520.89 2195.84 1080.38 1193.1 7425.04 8709.55 8516.89 4773.92 3709.85 6485.24 9279.95 11317.8 8747.52 8688.51 12048.9 8413.47 14133.4 14798.6 6841 2556.59 3212.81 6293.27 15545.3 15127.2 3620.48 3132.94 2679.1 5318.08 11488.1 13961 6471.1 4016.56 2087.38 2077.48 1968.74 2139.59 2294.99 2347.08 2290.86 1954.77 2145.54 1945.65 1992.69 
3141.22 3235.38 3154.16 3289.07 3236.3 3196.05 3212.45 3206.62 3825.6 4898.68 4018.25 2349.83 2758.48 2865.74 2834.64 4972.37 7402.4 6331.04 3673.04 9181.12 10887.6 8726.12 5774.34 4974.29 3510.36 4933.94 6781.27 4757.55 8291.6 8999.98 5026.92 4585.32 3725.72 4097.72 8047.08 7850.99 2780.21 1457.78 0 5962.2 6585.13 8945.44 7735.16 6707.55 4844.08 7226.52 10856.8 4663.16 2040.27 1141.34 3595.42 4466.91 5559.83 4512.56 4159.93 2930.19 4108.86 6718.04 9993.12 7205.62 3594.81 2483.73 4795.81 6721.16 8507.9 2915.71 2100.05 1071.58 4417.84 6129.14 7689.46 4583.57 4476.88 5410.99 7577.92 10106.3 7750.88 8215.19 13384.3 7708.55 11808 13912.8 6664.66 3782.7 3658.8 4433.29 13638.3 14181.7 3884.31 3555.93 3010.2 3780.18 9663.5 13068.2 6414.74 4268.44 2184.44 2120.22 1965.3 1867.72 2076.1 2120.72 2099.78 1898.16 2006.43 1877.66 1864.58 
4066.45 4415.71 4484.96 4381.2 4419.94 4400.44 4449.73 4395.82 6207.29 9315.03 7165.84 5119.33 5840.82 5926.65 4370.38 1996.03 2935.22 4509.79 6531.41 10600.6 14998.7 16095.1 9564.29 7256.06 7654.68 10195.7 15014.2 8066.54 4005.87 5431.41 6381.83 8547.88 9191.89 3157.54 2640.36 4472.69 5356.81 8275.16 5962.2 0 2227.43 6809.09 8967.04 10942.1 8958.24 4712.48 5651.12 5171 6632.02 8404.81 2724.82 2581.52 3685.33 5359 7575.72 9136.23 9560.41 2545.14 5216.32 6581.89 8182.89 8419.96 4342.62 5178.59 5855.38 5799.45 7307.16 8563.75 1289.45 2165.33 5869.85 6260.81 7934.51 12971.4 8101.54 7668.06 5877.83 8793.43 16613.6 14215.8 7859.88 8693.22 5611.61 6820.45 11691.5 6342.97 6907.87 8266.5 6427.63 9528 11296.3 4914.14 2661.32 5427.19 5105.8 5840.91 5625.03 4596.3 4544.92 4280.16 4019.1 3947.65 3944.01 4289.29 4145.7 4465.86 4387.71 
4319.07 4761.53 4783.64 4685.32 4743.92 4721.35 4748.02 4665.64 5198.74 7812.37 6603.52 5722.73 6661.26 6109.28 4953.89 3206.56 2226.62 2767.17 7212.83 12078.3 15046 15155.2 8571.38 4900.55 6280.34 9792 14896 9330.2 3595.08 4532.21 7926.05 8242.81 8481.39 4460.05 1756.92 2099.39 4808.85 7748.68 6585.13 2227.43 0 4297.56 7732.99 10783.4 9860.89 4732.72 2503.03 3673.46 6516.98 7917.4 4109.23 2540.89 1695.71 4170.06 6994.23 8841.65 10581.9 2241.77 2002.75 5346.53 7470.57 9086.05 6050.85 4387.34 2667.55 4458.02 6624.49 8675.81 4175.59 3044.76 2406.61 4876.67 7218.44 13639.7 8981.31 5242.74 4579 11430.8 17531.2 15196.8 8497.96 5364.33 4007.44 6384.87 10925.1 7724.94 6330.05 5192.79 7186.94 10112.5 10882 6340.34 2886.32 3625.23 4839.71 5191.64 5051.92 4911.91 4880.98 4366.51 3835.26 4066.03 4409.92 4558.59 4205.44 4560.08 4658.67 
6621.59 7086.18 7171.53 7021.71 7072 7073.26 7096.71 6898.07 6169.94 7034.79 7239.6 8032.71 9488.42 7782.95 6453.66 6146.9 5924.58 3899.36 7974.94 13928.1 17281.8 15086.3 9295.99 6371.08 5208.87 8822.54 16640.7 11376.9 8195.21 8230.61 11268.9 9377.56 9354.92 6176.47 6071.36 3364.42 5421.77 9656.26 8945.44 6809.09 4297.56 0 3211.46 9142.17 10937.6 8524.89 6060.27 3146.24 7508.55 11214.1 6366.85 5077.28 2240.19 1760.59 5796 9930.77 11584.1 6852.18 3783.06 2235.85 7072.38 9595.71 8500.38 8250.85 4409.22 4271.89 7669.59 11216.3 7495.18 7645.42 4143.18 1878.18 6610.5 14847 11512.1 8935.66 5903.15 13623.2 22117.1 18416.5 13735.2 11086.9 3765.4 6782.09 12807.8 9545.21 10738.4 8981.07 10722.5 14092.9 13747.8 8121.04 7525.36 6701.77 7017.63 8208.81 7537.71 6838.4 7285.54 7067.43 6470.73 6389.13 6797.25 7422.94 6944.82 7201.18 7206.43 
5874.91 6140.01 6222.81 6162.88 6173.63 6147.78 6177.76 6037.46 5810.92 7133.09 7541.02 7081.76 8393.66 6764.69 6088.22 7297.75 8180.95 5327.13 5724.39 8317.62 10787.9 10165.8 6757.18 5334.17 3299.43 3655.58 10005.5 9267.47 10217.3 10211.1 9275.41 5689.63 5772.3 7003.59 9524.82 6432.02 5256 7302.96 7735.16 8967.04 7732.99 3211.46 0 4187.01 8650.54 10221.2 9975.24 4584.68 5174.1 8564.86 8127.48 7435.21 5128.58 2091.22 1684.46 5764.78 8790.19 8946.58 7278.9 2683.75 3518.89 6129.45 8721.46 9832.73 7299.73 4725.47 6588.84 9151.64 9412.04 8664.43 6279.21 1756.88 2493.3 10047.2 11455.9 11797.5 7507.15 9260.31 15248.5 14157 15213.4 14453.1 5172.85 3396.85 8751.85 9728.46 15182.3 13557.6 9887.16 10723 10590.6 8092.17 10736.9 11041 9043.38 9552.08 7820.39 6360.03 6563.65 6944.22 6723.23 6463.92 6252.67 6663.16 6650.04 6900.14 6806.5 
6546.07 6532.61 6572.97 6639.83 6598.52 6549.34 6607.59 6496 6093.47 7896.16 9268.89 7407.11 8054.75 6466.4 6000.53 7335.06 9545.78 7254.19 7554.72 7914.56 5812.45 6408.06 5677.92 5393.31 4430.89 2920.82 3412.62 5527.15 11233.3 12019.8 8382.23 4003.41 1937.11 6111.25 11859.6 9970.31 8192.54 6456.47 6707.55 10942.1 10783.4 9142.17 4187.01 0 3847.4 10010.5 13664.4 9426.28 6688.26 6454.29 8397.61 7987.41 8326.87 7124.49 2559.3 1716.15 4501.23 10804.9 11929.2 8706.54 4173.13 2194.88 6019.25 8826.19 10165.8 7920.96 8326.05 8334.41 10163 8546.62 8223.47 5960.51 1984.56 3130.02 8355.47 12488.8 9546.86 9329.27 9718.71 8456.57 15571.3 17933.8 8988.35 4630.76 3103.6 7537.15 16881.9 16967.6 9323.21 7204.95 6440 7642.72 13857.1 14917.1 11328.5 10801.4 8850.56 7343.67 6280.7 6981.45 7569.51 7521.31 6863.06 6754.02 7043.97 7529.2 7464.34 
6545.44 6492.53 6407.35 6524.92 6493.12 6415.41 6489.79 6387.75 5331.98 5342.19 7408.16 6957.89 7448.88 5530.45 4587.85 5542.48 8145.35 7358.08 8492.84 12039.3 10567.1 6118.34 3509.1 4987.99 5785.28 6150.59 6017.12 2741.39 7662.41 11762.5 8744.86 5639.05 3539.46 3015.78 8561.03 9985.84 8003.62 6722.11 4844.08 8958.24 9860.89 10937.6 8650.54 3847.4 0 4313.47 11533.8 9912.73 7375.2 6751.36 6827.06 5397.44 7311.07 8237.44 6202.46 3355.69 691.141 6859.99 12418.8 10657.3 6846.99 2355.89 1667.81 3839.36 8760.23 7901.21 7697.22 7083.48 7727.25 5081.61 7520.11 6872.21 5491.81 2089.3 2134.22 7818.85 9338.98 11780.1 14575.5 6079.42 9127.38 14825.9 9637.59 6600.35 4552.5 1892.36 11059.9 15123.4 8454.34 6397.9 5210.2 3971.83 10468.9 14714.8 9582.92 7537.26 6925.26 6843.94 5454.93 4987.32 5905.02 6504.83 6253.89 6018.84 6074.86 6490.74 6490.42 
7117.72 7354.72 7293.2 7255.85 7323.24 7244.07 7310.97 7209.85 6469.38 5843.73 6061.51 7599.98 9081.46 7300.56 5449.23 4036.53 4578.95 5320.93 9819.39 15495.4 17569.7 12923.6 4913.34 5067.7 7772.45 10685.8 14361.2 6613.09 3124.99 7823.67 10106.6 8604.48 8333.58 3114.57 2739.25 5567.52 7712.07 9338.79 7226.52 4712.48 4732.72 8524.89 10221.2 10010.5 4313.47 0 3915.19 7216.39 8592.3 10249.4 6561.76 2985.9 3898.13 7239.21 9154.39 8979.9 5414.91 1297.86 6314.82 9132.79 10084.4 7802.2 2213.38 597.698 3814.56 6877.33 8105.98 9443.76 5894.03 1575.06 3808.24 6532.47 8395.78 9017.97 2184.18 2263.99 5912.45 13800.4 20674.5 11859.3 4224.12 6475.12 6772.73 8210.17 10905.3 2895.29 2849.27 6839.34 8350.26 9685.09 9776.85 4469.77 3710.58 8008.68 7194.82 5662.99 6629.04 7506.74 6675.74 5313.24 5448.93 6362.55 6796.5 6867.65 6485.89 6935.51 7031.73 
8988.25 9600.09 9601.53 9444.24 9575.89 9521.6 9555.12 9430 8879.66 9275.87 8551.3 10115.2 12176 10751.3 8759.67 5927.97 3412.32 3354.59 11698.2 17631.2 20736.9 18799 9368.46 5438.03 8644.62 13099.1 19319.1 13302.3 4659.16 5871.73 12708.4 11134.1 11658.6 6943.1 2226.72 1908.55 8768.73 12188 10856.8 5651.12 2503.03 6060.27 9975.24 13664.4 11533.8 3915.19 0 5781.67 10941.8 13010.9 8417.32 4297.56 2316.99 6976.98 10448.8 12953.7 12931.2 2706.72 1247.61 8372.1 12488.1 12959.1 7566.53 3672.97 774.261 7132.39 10210.4 12874.9 8203.09 4106.92 1618.98 6803.95 9441.53 15768.6 9131.88 3330.38 3998.01 16248.8 23936.4 19262.9 7639.09 2414.48 4475.08 9842.94 15130.2 9179.15 4261.03 2211.09 10348.1 13908.6 14476.8 9189.39 3447.53 3239.2 7608.17 8046.83 8883.03 9792.38 9591.56 8325.57 7501 8208.46 8979.39 9304.23 8647.19 9113.34 9307.39 
