0 16.2411 12.5581 21.8869 29.1889 25.859 19.2982 22.5978 21.8738 28.6024 70.4573 130.849 149.06 173.557 225.763 254.032 261.661 294.269 306.654 225.332 283.612 340.612 426.582 620.535 1142.73 2021.97 2117.63 1908.09 2164.94 2430.27 1594.07 790.041 739.978 876.566 1416.79 1363.29 1938.43 1947.95 1768.37 1923.47 2247.82 1680.25 1874.21 2218.96 2527.71 3065.63 3639.55 2909.03 2314.7 1772.23 1353.11 1884.86 1943.42 1285.74 1106.54 1517.16 2352.42 2550.35 3886.61 3065.16 3394.48 3870.47 5308.58 5231.67 3893 1666.85 1409.59 1457.39 1091.09 858.125 1288.39 2030.8 1292.64 649.877 297.937 199.54 244.423 339.853 449.429 615.278 951.103 1406.6 1774.04 1823.54 1828.92 1715.77 1166 1029.49 964.497 790.32 559.326 540.18 889.988 1199.35 1324.52 2070.67 2024.48 2590.99 3666.23 1902.62 1203.55 1012.67 978.574 1429.79 1954.12 2540.27 1990.79 1495.91 1840.92 2309.55 1368.43 835.001 589.296 629.22 747.674 948.686 1713.26 2190.58 2141.29 2337.63 2896.47 2175.58 1255.77 909.741 944.727 1961.54 2463.36 2288.25 2138.41 2088.14 2251.04 2414.48 1937.58 947.955 770.948 830.553 1344.93 1736.62 1674.32 1422.25 922.526 501.229 265.656 532.232 985.211 1324.84 1482.41 
16.2411 0 7.71031 25.4674 34.0704 24.4141 18.8928 20.2848 16.0943 18.2462 51.3762 108.37 131.406 172.817 228.401 258.804 274.723 317.331 336.594 246.967 300.175 361.805 470.267 680.817 1162.01 1975.04 2054.01 1852.97 2109.93 2388.28 1554.31 799.922 796.175 989.033 1620.34 1506.18 1957.74 1892.77 1680.59 1797.71 2112.34 1639.08 1928.32 2328.34 2671.7 3288.42 3957.32 3156.46 2421.74 1802.49 1306.05 1768.72 1864.18 1232.06 1058.97 1450.17 2320.42 2655.52 4108.62 3131.22 3304.35 3705.92 5089.32 4994.17 3698.03 1591.05 1348.72 1396.35 1078.84 867.629 1173.68 1801.39 1119.3 545.379 255.087 181.838 218.745 303.715 398.741 542.293 856.024 1295.14 1646.62 1680.02 1655.47 1533.68 1029.39 919.049 903.974 767.506 571.944 602.659 1032.29 1364.39 1374.53 2001.75 1917.84 2431.85 3471.16 1792.16 1179.41 1080.99 1111.52 1622.7 2087.75 2591.4 1985.53 1461.73 1742.3 2172.57 1286.81 798.264 583.085 665.553 826.482 1011.87 1675.86 2084.74 2019.85 2175.51 2693.96 2012.86 1166.11 878.735 1002.9 2186.02 2706.28 2353.34 2079.41 1985.88 2101.74 2226.47 1783.8 865.773 735.685 846.216 1411.95 1734.52 1633.33 1312.81 796.996 409.61 227.937 448.135 852.095 1158.66 1307.27 
12.5581 7.71031 0 7.94585 14.4945 11.4258 9.77588 8.64346 8.03022 12.5682 44.4286 93.651 104.716 133.196 180.595 203.881 216.967 257.857 276 209.933 283.751 361.852 487.622 720.643 1257.78 2133.26 2224.15 2001.33 2261.04 2528.63 1660.67 811.983 771.068 947.735 1561.73 1532.63 2088.03 2058.76 1845.34 1971.1 2293.91 1719.94 1913.52 2270.66 2607.91 3209.02 3873.43 3158.35 2490.86 1909.79 1434.67 1914.99 1956.72 1261.1 1053.68 1463.58 2312.48 2597.12 4066.87 3244.38 3517.16 3949.55 5376.57 5268.81 3909.42 1634.72 1368.43 1424.07 1118.36 925.187 1285.3 1951.76 1240.06 614.053 284.768 204.772 259.273 365.275 482.47 646.97 991.269 1458.69 1830.2 1867.14 1843.14 1702.63 1125.52 986.915 915.803 735.425 519.466 544.795 967.586 1328.25 1454.38 2172.92 2105.95 2646.1 3711.66 1902.41 1192.24 1034 1047.69 1577.68 2134.89 2725.46 2123.67 1576.38 1896.86 2335.69 1369.76 807.03 586.228 649.456 795.174 1045.06 1800.07 2251.96 2195.01 2358.07 2897.86 2160.25 1217.3 893.078 982.834 2095.03 2680.28 2459.27 2233.93 2158.52 2283.81 2422.02 1936.08 936.237 757.902 859.179 1433.22 1815.03 1713.62 1400.2 874.386 449.04 231.491 507.636 946.967 1274.57 1444.54 
21.8869 25.4674 7.94585 0 4.57324 6.92804 10.6434 9.64187 12.5444 17.6378 46.3455 91.1921 92.4994 113.353 154.02 171.248 185.014 224.807 243.872 195.188 284.197 381.166 523.883 773.281 1346.25 2265.04 2362.04 2125.25 2394.8 2657.23 1773.67 860.809 789.824 952.112 1562.22 1603.64 2240.27 2221.36 1983.46 2115.25 2453.06 1821.46 1952.21 2285.39 2615.85 3209.2 3883.7 3229.01 2612.62 2031.81 1549.32 2041.01 2042.62 1294.19 1040.21 1430.12 2254.9 2529.63 4032.46 3336.9 3678.55 4138.23 5618.45 5512.41 4118.84 1707.72 1398.81 1455.31 1166.68 985.321 1362.28 2058.1 1322.11 662.562 302.531 214.3 286.72 409.626 547.797 729.29 1094.14 1578.44 1961.46 1998.66 1970.5 1819.17 1189.59 1036.24 922.763 707.786 484.945 513.041 952.961 1342.17 1560.42 2335.44 2256.06 2819.89 3922.77 2024.16 1256.11 1034.58 1042.93 1604.25 2257.9 2901.9 2278.04 1697.1 2039.08 2483.74 1459.48 832.979 597.153 636.244 780.83 1079.67 1896.73 2374.29 2312.37 2481.28 3040.62 2272.52 1258.56 914.9 983.047 2063.52 2706.93 2581.66 2377.97 2298.49 2422.92 2569.36 2058 1009.75 806.681 897.595 1487.27 1918.54 1806.29 1466.12 934.011 488.281 235.103 535.381 990.658 1334.45 1525.8 
29.1889 34.0704 14.4945 4.57324 0 4.2743 8.25179 8.16724 14.0295 19.9435 46.7118 89.3883 90.0819 109.75 150.194 166.109 181.452 222.907 237.947 204.046 297.481 399.907 548.341 798.159 1379.99 2314.05 2415.18 2171.8 2451.77 2730.51 1842.71 905.656 829.214 986.522 1585.61 1636.28 2295.46 2292.83 2047.5 2174.46 2530.39 1897.71 2018.55 2347.47 2675.24 3256.31 3921.31 3273.16 2666.91 2103.89 1612.31 2109.05 2112.81 1338.95 1057.45 1423.66 2208.81 2476.6 3992.14 3334.71 3717.39 4199.7 5715.92 5633.24 4238.96 1800 1470.49 1494.42 1206.58 1023.83 1401.3 2108.28 1379.31 700.033 316.749 216.761 283.242 410.924 553.713 747.036 1121.6 1613.43 2000.95 2038.58 2010.11 1856.71 1213.74 1066.59 947.327 712.641 479.572 509.96 952.334 1354.48 1590.18 2392.82 2318.29 2890.53 4025.74 2104.67 1313.73 1081.08 1061.92 1631.44 2318.27 3000.32 2366.84 1768.07 2114.3 2567.03 1527.85 872.662 621.322 632.547 767.357 1085.07 1913.91 2399.41 2336.02 2504.22 3082.06 2320.02 1287.6 932.857 988.746 2051.09 2707.38 2603.83 2413.57 2339.02 2460.11 2617.32 2108.06 1043.62 830.762 927.047 1505.96 1951.03 1854.03 1518.72 974.272 521.61 248.724 541.125 987.123 1329.17 1531.65 
25.859 24.4141 11.4258 6.92804 4.2743 0 3.08803 5.13251 7.74018 11.7315 36.993 78.9342 87.7691 117.132 162.162 184.456 201.962 245.871 264.045 216.578 308.728 412.052 551.384 781.491 1318.08 2201.19 2302.55 2079.13 2361.04 2657.97 1797.85 913.277 858.926 1024.98 1641.1 1628.92 2205.46 2175.95 1939.32 2062.89 2425.08 1860.94 2049.55 2402.47 2743.47 3342.43 4008.65 3292.74 2612.18 2018.44 1523.93 2021.17 2074.57 1340.09 1064.89 1411.38 2208.98 2520.78 4042.85 3263.99 3572.89 4053.34 5561.47 5496.75 4147.71 1791.01 1467.23 1486.96 1186.99 988.177 1331.66 2007.79 1314.62 671.541 309.489 200.591 257.297 368.839 494.55 675.853 1033.86 1508.02 1879.41 1915.19 1887.67 1750.26 1161.47 1028.6 946.473 739.378 516.392 554.16 1010.76 1395.44 1543.22 2279.68 2198.38 2758.28 3899.39 2069.13 1328.12 1121.68 1108.43 1681.35 2307.08 2921.69 2284.36 1701.99 2030.7 2483.38 1497.38 879.869 622.299 642.254 781.132 1058.11 1816.24 2265.26 2205.93 2368.59 2940.51 2222.7 1250.87 915.897 998.707 2115.87 2731.73 2520.87 2288.7 2201.73 2317.15 2474.75 2003.97 993.038 796.891 897.393 1489.21 1902.61 1797.72 1464.77 932.824 502.093 243.907 488.668 907.97 1234.86 1425.01 
19.2982 18.8928 9.77588 10.6434 8.25179 3.08803 0 3.10964 4.88186 9.58577 39.1145 85.3997 98.7382 130.289 180.32 204.526 219.908 259.925 280.058 228.66 320.911 414.198 538.127 752.668 1272.4 2142.13 2238.37 2017.71 2285.51 2577.76 1739.55 898.84 853.076 1021 1619.79 1575.66 2130.81 2110.31 1893 2015.17 2361 1829.63 2054.54 2420.57 2758.21 3346.92 3976.53 3229.51 2551.76 1958.28 1474.8 1963.38 2031.51 1337.37 1090.88 1447.41 2265.5 2551.25 4009.92 3199.38 3509.41 3994.57 5489.38 5417.53 4067.39 1780.29 1471.64 1478.73 1158.95 957.489 1309.32 1985.66 1297.42 666.819 309.73 202.759 246.975 348.931 466.27 641.964 989.595 1453.23 1819.42 1858.5 1838.58 1701.85 1133.42 1014.8 954.728 769.931 548.967 576.568 1006.86 1370.79 1488.83 2213 2144.11 2699.85 3814.59 2037.29 1331 1142.67 1116.09 1651.2 2237.24 2835.18 2215.52 1654.8 1971.6 2420.38 1465.59 889.61 628.87 652.785 788.825 1036.01 1776.22 2217.64 2155.99 2319.01 2877.04 2179.31 1256.65 929.429 1010.03 2111.74 2685.19 2451.5 2222.93 2142.3 2265.27 2412.64 1944.03 961.75 787.208 887.765 1464.41 1860.41 1753.37 1433.16 916.156 500.912 247.158 479.232 895.057 1218.04 1396.32 
22.5978 20.2848 8.64346 9.64187 8.16724 5.13251 3.10964 0 2.32784 6.76649 34.4916 81.4733 91.2876 119.644 167.775 190.646 205.452 246.532 263.426 220.74 325.398 428.379 560.467 787.421 1316.89 2201.61 2298.79 2070.95 2331.64 2612.81 1763.94 899.477 841.519 1020.52 1633.41 1608.68 2175.91 2158.45 1950.32 2079.03 2409.58 1850.56 2050.62 2415.59 2756.91 3359.34 4003.6 3267.21 2588.55 1999.67 1523.91 2010 2050.9 1346.3 1108.77 1488.33 2321.04 2610.03 4071.76 3276.35 3603.05 4092.02 5585.48 5497.57 4105.18 1765.56 1467.97 1490.22 1181.89 990.457 1347.82 2020.52 1324.45 693.623 332.683 227.535 278.788 380.513 501.285 679.775 1035.98 1506.61 1879.24 1918.7 1895.62 1745.83 1147.3 1023.93 955.565 767.66 543.48 573.138 1007.4 1380.02 1528.1 2264.84 2200.37 2769.96 3871.44 2048.45 1311.02 1124.62 1118.93 1655.12 2248.6 2866.5 2258.28 1695.4 2021.37 2459.77 1480.7 891.488 645.389 676.886 818.305 1081.83 1845.26 2297.85 2233.16 2394.38 2945.7 2224.88 1282.45 956.148 1038.34 2138.23 2729.17 2515.77 2284.43 2207.37 2336.45 2476.76 1985.36 975.731 784.104 895.952 1501.02 1909.74 1794.13 1455.11 926.914 504.954 254.407 507.044 936.141 1263.64 1444.77 
21.8738 16.0943 8.03022 12.5444 14.0295 7.74018 4.88186 2.32784 0 2.94034 27.775 73.1522 87.4383 120.108 169.465 196.236 212.132 254.7 274.251 222.649 326.345 432.278 561.734 779.794 1287.46 2137 2232.32 2016.67 2284.99 2576.44 1736.1 894.378 843.875 1022.25 1651.86 1601.57 2117.04 2080.54 1882.85 2020.04 2358.15 1820.93 2046.8 2416.84 2764.65 3376.06 4035 3272.35 2549.68 1939.13 1469.77 1971.29 2040.14 1352.86 1129.54 1510.83 2360.1 2679.28 4154.74 3292.55 3559.1 4045.08 5526.4 5439.18 4062.66 1754.22 1455.76 1495.66 1187.45 989.37 1336.44 1989.4 1299.16 685.196 334.67 228.858 276.658 371.126 481.852 653.587 1000.77 1462.97 1826.27 1864.26 1842.91 1706.8 1138.56 1018.19 968.891 789.807 570.424 597.491 1036.28 1405.26 1508.01 2204.07 2137.43 2703.99 3811.86 2021.68 1299.15 1118.73 1126.5 1668.03 2225.8 2798.38 2195.06 1652.57 1977.84 2429.18 1473.62 898.544 651.322 697.702 845.353 1087.4 1811.84 2245.64 2185.58 2348.06 2902.75 2202.04 1278.97 954.839 1048.37 2181.53 2756.83 2485.83 2226.69 2141.43 2273.13 2420.45 1950.95 962.105 773.195 882.677 1503.35 1907.03 1791.17 1448.4 916.257 497.687 256.745 494.834 916.966 1241.26 1416.02 
28.6024 18.2462 12.5682 17.6378 19.9435 11.7315 9.58577 6.76649 2.94034 0 15.8185 56.506 73.0458 106.653 155.454 185.983 205.559 254.492 276.373 222.254 326.435 439.874 578.063 794.454 1275.26 2095.6 2193.42 1992.45 2284.72 2595.67 1743.76 895.926 848.985 1042.11 1704.7 1627.94 2094.64 2043.86 1837.68 1976.67 2329.12 1806.01 2036.6 2406.97 2762.57 3405.96 4108.39 3313.09 2533.05 1907.72 1440.03 1960.25 2050.32 1359.04 1125.8 1494.02 2343.67 2733.14 4264.48 3329.18 3538.13 4023.06 5490.03 5403.68 4040.8 1740.36 1444.78 1499.62 1199.97 1000.61 1306.67 1937.18 1266.25 665.933 330.912 230.51 281.97 374.864 481.814 650.236 992.148 1447.97 1803.7 1836.43 1809.5 1686.31 1141.09 1026.64 975.829 790.037 572.958 611.181 1088.39 1467.23 1521.61 2179.82 2104.77 2670.01 3788.47 2001.67 1283.56 1110.71 1142.13 1716.27 2259.07 2788.65 2170.78 1633.53 1968.97 2431.89 1476.73 895.766 654.291 710.239 869.787 1100.9 1783.88 2202.82 2145.45 2311.83 2883.39 2190.67 1255.85 932.586 1047.7 2246.02 2823.33 2479.58 2191.39 2100.14 2223.35 2383.43 1938.56 955.49 763.754 887.111 1527.28 1916.75 1779.65 1423.01 894.596 482.844 255.378 483.344 896.024 1216.51 1394.36 
70.4573 51.3762 44.4286 46.3455 46.7118 36.993 39.1145 34.4916 27.775 15.8185 0 19.7232 40.012 67.4801 108.591 148.401 178.062 245.813 272.589 232.046 344.412 492.599 671.398 895.479 1331.81 2087.24 2210.91 2037.71 2417.22 2802.66 1888.13 945.219 891.441 1102.35 1859.27 1754.49 2123.47 2062.13 1835.68 1978.7 2410.76 1863.32 2046.59 2382.14 2757.44 3466.99 4311.97 3479.49 2541.34 1904.29 1458.64 2061.84 2195.91 1426.08 1130.48 1461.64 2274.77 2825.37 4568.5 3515.27 3595.13 4121.43 5594.02 5518.44 4173.91 1787.8 1482.52 1592.45 1321.83 1116.33 1330.43 1907.23 1284.17 688.927 361.84 267.416 334.053 435.275 541.804 715.736 1063.78 1524.98 1870.65 1896.98 1848.82 1751.62 1235.5 1118.94 1037.5 787.487 565.981 628.261 1212.47 1648.98 1615.41 2217.81 2144 2720.32 3922.01 2055.22 1275.14 1083.43 1164.4 1861.55 2419.4 2873.52 2215.92 1678.7 2070.66 2595.37 1585.29 919.079 687.223 754.929 931.841 1176.04 1782.72 2181.83 2147.05 2320.28 2977.4 2290.16 1243.91 892.397 1039.68 2383.18 3013.03 2524.64 2178.72 2097.64 2202.22 2417.69 2032.3 1005.77 767.811 923.893 1631.24 2027.38 1852.72 1451.82 918.421 488.824 274.018 503.278 897.5 1212.48 1418.43 
130.849 108.37 93.651 91.1921 89.3883 78.9342 85.3997 81.4733 73.1522 56.506 19.7232 0 14.1049 35.3173 61.7603 101.577 135.329 217.339 257.679 229.24 351.277 539.065 769.146 1017.66 1453.98 2151.51 2280.09 2114.95 2548.11 2990.42 2036.71 1006.08 950.505 1159.92 1990.72 1911.33 2235.18 2157.87 1911.82 2029.75 2508.02 1915.13 2057.63 2346.32 2743.06 3505.94 4477.29 3680.58 2642.43 1978.01 1519.89 2146.58 2326.4 1506.13 1166.63 1476.33 2252.75 2905.94 4849.93 3779.36 3748.92 4271.56 5759.11 5680.24 4344.72 1843.49 1513.12 1654.09 1450.01 1253.53 1432.08 1930.73 1334.66 730.154 410.691 314.801 406.829 535.772 647.322 831.871 1194.62 1670.56 2002.69 2018.15 1950.21 1857.97 1347.22 1221.64 1106.13 795.835 571.045 655.044 1316.69 1834.5 1781.28 2362.96 2277.08 2814.71 4075.46 2134.7 1313.74 1110.37 1178.08 1979.66 2606.89 3047.86 2328.96 1758.46 2182.41 2764.07 1710.65 974.325 742.643 812.112 993.408 1286.68 1857.21 2223.19 2207.54 2369.53 3080.72 2404.53 1267.49 879.133 1049.33 2484.5 3225.19 2672.19 2268.63 2175.09 2241.58 2491.31 2148.52 1081.5 808.855 975.751 1720.33 2173.14 1983.48 1520.92 965.959 518.598 302.05 541.016 928.929 1244.92 1473.35 
149.06 131.406 104.716 92.4994 90.0819 87.7691 98.7382 91.2876 87.4383 73.0458 40.012 14.1049 0 12.7522 29.1819 49.9599 79.163 160.807 197.355 186.017 316.923 518.763 780.822 1076.81 1585.16 2350.36 2445.9 2235.22 2633.06 3021.8 2055.63 979.581 902.805 1115.29 1937.26 1979.65 2449.46 2373.86 2083.11 2184.41 2615.46 1926.38 1991.14 2264.86 2652.1 3419.39 4398.09 3722.25 2807.2 2152.88 1643.22 2197.97 2288.33 1446.27 1115.13 1463.69 2233.47 2840.62 4787.38 3910.17 3980.52 4438.47 5922.13 5817.69 4427.09 1799.1 1468.84 1633.9 1484.44 1322.56 1523.71 2032.13 1378.16 749.114 429.012 344.24 457.745 621.145 754.334 951.241 1339.54 1833.78 2182.35 2189.44 2111.66 1974.69 1368.43 1217.77 1051.06 732.156 503.507 596.197 1250.26 1808.5 1923.03 2601.26 2477.19 2981.4 4200.63 2166.4 1308.59 1092.33 1146.48 1935.62 2657.47 3222.88 2487.8 1852.87 2272.1 2813.07 1708.47 947.169 734.565 796.706 985.247 1352.81 2032.37 2428.8 2381.44 2527.93 3205.22 2464.72 1289.6 900.787 1050.77 2420.23 3258.39 2888.73 2516.82 2394.55 2440.77 2654.43 2237.88 1121.98 853.825 1030.23 1758.92 2253.69 2055.37 1583.1 988.185 535.065 306.996 605.362 1021.27 1355.2 1593.49 
173.557 172.817 133.196 113.353 109.75 117.132 130.289 119.644 120.108 106.653 67.4801 35.3173 12.7522 0 7.66 25.7405 51.6552 133.554 168.541 173.8 305.423 509.679 788.953 1110.41 1674.62 2497.17 2605.94 2378.69 2810.15 3205.95 2175.7 970.315 846.124 1036.83 1841.83 1963.79 2534.22 2522.11 2231.96 2351.21 2815.03 1992 1910.23 2103.8 2466.39 3211.59 4211 3629.83 2790.93 2212.48 1764.7 2385.99 2426.4 1502.37 1139.92 1519.55 2255.23 2812.45 4790.46 4051.63 4211.73 4703.79 6196.02 6073.89 4625.35 1830.03 1500.29 1695.98 1540.05 1387.99 1655.36 2227.37 1533.78 833.969 475.509 400.061 536.642 725.991 884.357 1104.28 1524.26 2050.58 2419.84 2433.41 2357.85 2215.95 1548.28 1366.49 1123.09 728.025 462.217 531.656 1177.32 1766.74 1984.64 2764.73 2673.24 3214.01 4466.18 2257.83 1273.74 987.309 1028.17 1839.68 2646.34 3287.61 2567.12 1932.41 2433.34 3019.93 1809.51 956.94 748.292 795.989 969.559 1396.01 2168.28 2624.98 2592.14 2765.68 3505.66 2694.93 1368.22 911.123 1003.21 2299.96 3196.37 2958.21 2669.7 2594.45 2658.89 2912.21 2463.22 1231.21 893.945 1054.34 1765.79 2309.49 2119.78 1681.47 1095.98 593.97 344.953 734.156 1203.58 1566.93 1831.35 
225.763 228.401 180.595 154.02 150.194 162.162 180.32 167.775 169.465 155.454 108.591 61.7603 29.1819 7.66 0 12.5335 36.624 122.961 157.322 172.924 307.253 533.535 843.537 1192.81 1790.32 2622.49 2730.32 2495.09 2949.58 3351.26 2277.17 999.796 853.097 1040.61 1881.47 2069.47 2676.55 2662.54 2352.22 2466.94 2940.19 2028.58 1878.71 2042.78 2404.07 3175.69 4251.94 3738.87 2902.31 2330.37 1873.38 2507.32 2519.11 1542.99 1164 1542.67 2250.02 2847.45 4926.72 4254.16 4401 4880.97 6377.39 6250.34 4780.6 1854.05 1503.84 1730.92 1621.85 1489.1 1768.12 2331.58 1615.2 892.784 527.55 452.526 610.379 823.084 993.272 1225.53 1665.13 2211.95 2588.12 2596.67 2512.28 2365.3 1657.24 1447.44 1151.01 718.625 448.404 523.204 1203.85 1842.47 2120.83 2931.05 2827.03 3357.02 4628.47 2314.82 1278.11 970.416 1014.53 1872.13 2752.32 3437.18 2694.89 2032.49 2560.52 3166.9 1889.32 977.195 780.116 826.331 1002.29 1485.59 2294.93 2763.54 2735.63 2907.39 3670.75 2813.77 1399.52 922.141 1005.17 2318.19 3305.85 3115.98 2824.51 2743.83 2794.57 3064.97 2603.71 1308.09 934.694 1093.7 1819.84 2416.21 2223.56 1759.62 1154.6 628.003 376.58 806.019 1293.68 1670.93 1951.38 
254.032 258.804 203.881 171.248 166.109 184.456 204.526 190.646 196.236 185.983 148.401 101.577 49.9599 25.7405 12.5335 0 12.4523 88.4613 123.494 156.189 301.372 525.368 843.768 1223.71 1877.47 2765.92 2836.48 2553.77 2947.69 3286.12 2222.91 963.328 821.828 1016.16 1838.85 2124.21 2855.71 2838.82 2490.2 2563.16 2957.46 1987.7 1819.13 2023.19 2387.92 3147.49 4198.58 3785.92 3079.57 2503.4 1973.34 2497.51 2422.16 1462.84 1126.14 1542.17 2258.9 2775.65 4815.21 4315.35 4559.67 4962.61 6444.54 6281.92 4758.31 1805.81 1466.88 1687.67 1638.01 1550.27 1861.28 2424.59 1654.65 909.533 539.752 475.49 639.02 869.366 1055.83 1292.86 1742.44 2293.75 2680.29 2686.66 2600.83 2408.88 1620.81 1386.22 1056.84 654.268 412.865 498.197 1146.98 1814.05 2232.82 3108.27 2959.68 3440.38 4634.56 2288.71 1285.36 1002.6 1021.57 1841.09 2791.08 3588.55 2835.12 2115.18 2597.35 3134.99 1841.63 951.084 775.379 819.624 1004.82 1536.75 2429.68 2916.1 2851.57 2996.46 3690.54 2781.36 1389.49 955.062 1038.47 2272.8 3328.89 3297.78 3017.65 2902.06 2936.32 3148.37 2609.71 1311.61 991.447 1172.73 1880.99 2476.06 2267.19 1781.52 1160.3 646.768 381.739 841.143 1345.22 1727.34 2001.78 
261.661 274.723 216.967 185.014 181.452 201.962 219.908 205.452 212.132 205.559 178.062 135.329 79.163 51.6552 36.624 12.4523 0 56.1256 98.4617 141.84 299.607 508.864 809.534 1193.26 1876.54 2788.25 2829.14 2524.43 2869.59 3155.96 2108.22 902.318 770.999 970.554 1763.53 2083.15 2862.54 2846.38 2506.41 2556.38 2886.72 1881.35 1731.98 1986.68 2359.04 3098.57 4089.91 3713.44 3088.66 2514.26 1971.09 2438.37 2309.52 1397.31 1129.72 1591.31 2350.07 2772.63 4723.15 4305.44 4608.02 4971 6423.19 6230.28 4673.67 1746.74 1425.29 1631.58 1598.85 1547.4 1923.14 2508.49 1703.72 936.352 546.459 480.755 639.616 866.987 1059.23 1296.33 1744.09 2294.8 2682 2688.54 2615.64 2406.91 1583.26 1325.13 977.884 622.066 414.793 496.119 1090.37 1743.84 2229.21 3122.6 2958.51 3416.91 4546.72 2209.16 1250.63 1000.22 991.771 1758.2 2723.64 3571.62 2829.49 2096.13 2554.46 3059.83 1770.67 924.737 761.306 811.993 1000.11 1538.69 2475.9 2968.09 2881.93 3017.16 3666.25 2721.31 1371.9 983.712 1068.36 2233.2 3285 3327.29 3056.83 2928.34 2969.4 3154.25 2577.23 1297.88 1015.92 1215.81 1904.47 2483.72 2260.82 1783.27 1177.53 677.181 396.665 870.287 1394.62 1781.61 2042.27 
294.269 317.331 257.857 224.807 222.907 245.871 259.925 246.532 254.7 254.492 245.813 217.339 160.807 133.554 122.961 88.4613 56.1256 0 90.9569 142.867 330.748 527.508 789.528 1161.72 1867.41 2812.78 2810.39 2478.29 2769.56 3015.28 1979.35 847.18 737.49 952.122 1709.05 2052.05 2882.79 2851.14 2526.44 2580.77 2853.18 1834.01 1703.42 2037.63 2423.19 3140.52 4033 3671.13 3153.65 2550.63 1996.84 2426.03 2213.14 1316.14 1101.61 1592.99 2405.14 2752.06 4528.06 4210.82 4618.45 4957.89 6418.34 6229.34 4636.1 1742.46 1410.12 1578.4 1541.76 1536.37 2015.13 2653.16 1798.02 1006.03 566.347 482.18 624.057 835.261 1033.15 1266.99 1704.36 2243.9 2630.71 2640.01 2593.76 2372.08 1522.85 1258.59 890.041 573.238 417.184 504.055 1036.66 1651.65 2200.75 3097.93 2914.76 3396.24 4478.98 2164.09 1253.94 1030.55 1008.16 1697.21 2675.45 3579.65 2852.89 2100.21 2523.09 3001.6 1717.09 914.678 739.615 791.576 993.464 1529.75 2516.45 3006.59 2887.56 3024.2 3638.29 2666.28 1370.58 1040.83 1134.02 2214.85 3233.96 3359.85 3089.06 2929.15 2995.17 3159.69 2542.29 1295.35 1073.42 1306.32 1987.56 2536.13 2285.79 1807.05 1223.08 755.888 435.195 891.766 1427.65 1817.12 2065.75 
306.654 336.594 276 243.872 237.947 264.045 280.058 263.426 274.251 276.373 272.589 257.679 197.355 168.541 157.322 123.494 98.4617 90.9569 0 96.1466 277.06 487.805 742.819 1123.31 1858.25 2841.64 2833.26 2499.71 2795.79 3071.07 2013.93 772.068 632.932 838.528 1599.79 2005.18 2884.31 2859.7 2549.61 2642.59 2940.76 1876.75 1628.1 1910.79 2300.89 3001.71 3903.11 3593.91 3146.57 2585.39 2056.89 2559.38 2335.74 1337.18 1067.01 1544.93 2294.12 2624.83 4407.55 4152.59 4605.64 4937.63 6419.71 6306.87 4738.3 1789.04 1431.78 1576.83 1522.42 1537.2 2079.96 2795.3 1898.24 1071.98 594.731 489.079 621.148 828.03 1027.49 1273.38 1721.2 2270.51 2670.46 2682.39 2656.74 2462.75 1597.79 1338.84 934.383 522.651 318.571 396.288 912.996 1552.13 2172.2 3103.56 2910.96 3450.7 4594.23 2207.26 1186.21 923.102 896.241 1554.89 2570.64 3556.76 2861.96 2135.71 2584.76 3105.95 1778.15 885.968 686.131 709.596 901.213 1477.93 2528.8 3050.99 2939.26 3115.61 3775.36 2775.54 1366.86 974.142 1036.82 2075.13 3138.17 3350.77 3111.71 2955.5 3050.75 3258.51 2644.26 1331.13 1046.89 1277.03 1957.32 2509.55 2294.08 1860.59 1270.53 798.545 495.837 961.275 1505.37 1902.2 2149.91 
225.332 246.967 209.933 195.188 204.046 216.578 228.66 220.74 222.649 222.254 232.046 229.24 186.017 173.8 172.924 156.189 141.84 142.867 96.1466 0 99.1614 293.891 530.694 886.315 1566.28 2443.28 2403.4 2115.14 2409.48 2689.25 1698.76 588.086 417.655 603.389 1418.54 1758.73 2509.09 2395.8 2080.81 2194.48 2490.93 1557.08 1430.13 1658.6 1964.06 2695.32 3667.81 3315.12 2822.21 2206.21 1668.2 2192.04 2082.88 1201.63 949.679 1333.79 2078.44 2535.04 4354.9 3866.12 4102.13 4298.23 5647.12 5587.88 4210.31 1534.08 1178.61 1342.35 1267.07 1222.17 1752.44 2439.14 1548.69 820.212 449.865 354.577 480.596 661.698 814.885 1016.26 1417.96 1931.04 2297.01 2296 2281.17 2153.46 1453.49 1225.41 899.322 542.953 292.535 299.765 814.146 1432.91 1913.15 2702.36 2455.49 2925.52 4035.99 1910.77 1036.23 779.294 754.651 1360.84 2205.52 3036.45 2368.99 1723.87 2147.84 2688.48 1513.5 746.241 499.458 553.713 770.258 1260.94 2206.61 2661.72 2554.11 2749.7 3388.46 2467.04 1202.37 775.162 789.952 1921.29 2945.88 3033.33 2749.86 2543.67 2625.62 2838.89 2314.13 1137.17 878.469 1012.37 1641.68 2118.78 1919.99 1532.66 1013.11 620.117 418.758 824.613 1340.31 1722.36 1921.37 
283.612 300.175 283.751 284.197 297.481 308.728 320.911 325.398 326.345 326.435 344.412 351.277 316.923 305.423 307.253 301.372 299.607 330.748 277.06 99.1614 0 110.301 372.778 735.095 1425.73 2294.33 2263.84 2024.04 2401.89 2724.1 1655.66 512.595 392.372 478.04 1245.19 1565.62 2325.31 2217.68 1836.9 1980.25 2371.74 1424.09 1195.55 1338.8 1589.69 2226.39 3293.49 3008.23 2563.46 2051.06 1544.65 2141.52 2116.59 1168.88 917.949 1308.3 1876.75 2290.57 4279.59 3698.02 3790.59 3849.44 5034.8 5048.42 3932 1395.93 1073.06 1252.87 1133.72 1025.73 1546.25 2278.53 1372.42 659.081 409.874 362.175 485.86 698.44 824.118 996.832 1375.25 1894.56 2272.31 2270.59 2246.03 2179.03 1593.96 1373.13 1029.71 577.655 326.263 287.971 756.02 1343.54 1738.26 2544.21 2301.8 2710.04 3837.93 1690 842.338 652.966 613.03 1230.12 1977.78 2731.39 2058.62 1474.41 1953.07 2565.5 1393.36 616.504 426.851 473.309 660.707 1106.22 2032.41 2519.63 2440.33 2691.07 3391.3 2452.29 1071.06 602.993 582.603 1707 2709.88 2803.21 2627.74 2454.09 2502.21 2775.39 2351.49 1125.69 818.051 833.487 1268.87 1730.55 1671.94 1435.76 914.556 516.303 442.349 906.819 1414.05 1795.48 1977.8 
340.612 361.805 361.852 381.166 399.907 412.052 414.198 428.379 432.278 439.874 492.599 539.065 518.763 509.679 533.535 525.368 508.864 527.508 487.805 293.891 110.301 0 128.143 440.899 1122.9 2070 2043.76 1781.95 2128.55 2433.17 1471.59 478.835 416.177 473.371 981.491 1161.01 2004.51 2028 1672.88 1804.04 2214.32 1376.46 1190.13 1312.71 1523.8 1978.2 2750.29 2440.66 2238.19 1873.84 1435.63 2008.55 2017.3 1187.78 991.943 1476.86 2125.15 2178.66 3756.26 3180.41 3423.92 3479.35 4560.06 4525.48 3518.33 1366.71 1117.2 1247.47 980.195 859.829 1507.88 2357.74 1373.07 580.617 341.791 381.547 465.967 664.293 800.959 938.538 1254.52 1715.78 2116.48 2165.28 2175.58 2098.08 1574.01 1393.69 1143.32 744.33 451.112 376.883 663.465 1053.88 1378.25 2257.96 2120.51 2554.18 3600.94 1631.48 815.51 635.555 534.113 982.322 1596.82 2347.08 1748.67 1219.58 1678.83 2301.32 1274.22 616.482 419.156 473.878 591.257 880.318 1802.43 2377.35 2310.49 2595.92 3299.87 2428.91 1163.85 652.444 585.145 1502.07 2258.8 2421.78 2428.12 2365.93 2468.53 2704.32 2278.58 1179.66 922.648 867.112 1050.35 1339.74 1403.16 1416.73 974.327 523.231 453.273 975.698 1520.99 1896.76 2039.95 
426.582 470.267 487.622 523.883 548.341 551.384 538.127 560.467 561.734 578.063 671.398 769.146 780.822 788.953 843.537 843.768 809.534 789.528 742.819 530.694 372.778 128.143 0 138.445 701.562 1687.51 1716.33 1476.73 1729.32 2016.27 1267.26 605.775 540.562 534.969 770.201 704.639 1542.19 1728.66 1549.29 1715.66 2054.72 1439.19 1449.52 1653.31 1783.2 2027.77 2346.8 1822.93 1844.75 1607.26 1299.24 1895.38 1957.94 1367.4 1289.64 1756.05 2514.42 2258.81 3105.64 2424.46 2939.59 3200.25 4379.67 4367.45 3327.17 1607.73 1439.37 1498.44 1040.08 815.523 1642.35 2642.79 1596.76 773.004 433.816 460.331 486.084 588.197 709.138 819.532 1053.08 1404.21 1802.51 1935.85 2040.36 1991.71 1552.11 1421.96 1324.39 1097.62 757.118 559.561 610.128 734.146 932.772 1843.44 1847.63 2410.77 3392.51 1784.92 1095.23 827.431 614.832 745.717 1150.08 1865.25 1488.6 1121.73 1521 2123 1321.72 884.136 578.656 590.732 616.961 645.602 1498.31 2151.37 2133.85 2471.46 3128.55 2403.8 1453.26 941.545 720.124 1360.94 1720.22 1896.64 2083.43 2134.92 2402.67 2607.93 2161.74 1272.62 1150.95 1029.64 1078.58 1186.11 1357.48 1557.41 1247.66 773.878 604.123 1023.08 1591.03 1951.68 2027.98 
620.535 680.817 720.643 773.281 798.159 781.491 752.668 787.421 779.794 794.454 895.479 1017.66 1076.81 1110.41 1192.81 1223.71 1193.26 1161.72 1123.31 886.315 735.095 440.899 138.445 0 317.724 1301.55 1486.22 1370.71 1639.08 1999.67 1393.62 948.455 889.205 768.964 773.387 390.336 1104.43 1462.95 1477.55 1714.49 2067.66 1703.31 1921.01 2178.37 2252.16 2308.79 2295.83 1419.82 1427.8 1329.06 1235.43 1953.97 2189.13 1744.57 1679.76 2032.85 2735.59 2320.35 2740.2 1745.9 2420.53 3053.56 4400.15 4478.63 3476.7 2060.8 1932.15 1929.54 1253.64 882.113 1724.31 2799.4 1855.09 1104.72 724.076 672.925 622.434 622.025 675.294 754.343 900.274 1147.4 1548.37 1767.53 1945.16 1978.89 1735.02 1667.39 1706.38 1562.85 1197.03 885.333 766.201 626.817 539.013 1459.39 1652.05 2345.73 3365.93 2092.64 1515.66 1194.09 873.411 786.805 887.173 1466.78 1344.01 1215.19 1610.21 2232.87 1613.96 1300.1 883.246 814.36 704.512 414.275 1106.82 1834.7 1931.26 2346.62 3021.18 2478.19 1751.41 1228.72 902.642 1370.26 1312.75 1304.54 1654.43 1847.57 2239.33 2493.09 2152.27 1423.44 1347.51 1190.62 1199.7 1219.82 1468.67 1800.69 1564.55 1123.08 882.027 1103.75 1602.13 1923.76 1952.63 
1142.73 1162.01 1257.78 1346.25 1379.99 1318.08 1272.4 1316.89 1287.46 1275.26 1331.81 1453.98 1585.16 1674.62 1790.32 1877.47 1876.54 1867.41 1858.25 1566.28 1425.73 1122.9 701.562 317.724 0 535.687 896.92 1010.21 1413.05 1999.47 1608.3 1557.94 1614.85 1552.75 1660.81 551.325 555.871 921.908 1098.16 1397.5 1826.76 1991.95 2673.99 3114.09 3232.21 3398.83 3371.63 1744.41 1078.47 925.798 994.626 1872.13 2478.23 2301.65 2271.49 2409.38 3152.56 3173.96 3466.68 1287.32 1488.39 2439.21 3857.09 4104.35 3340.21 2530.25 2492.55 2569.31 1748.8 1205.18 1719.91 2576.16 1908.5 1439.12 1192.48 1107.58 983.848 842.027 764.208 747.334 728.394 744.902 1008.03 1304.03 1523.56 1686.77 1864.08 1961.25 2264.74 2291.77 1980.68 1685.01 1698.96 1366.47 355.838 812.382 1123.69 1914.23 3010.27 2353.39 2099.89 1929.63 1701.01 1622.87 1128.75 1049.58 1045.95 1169.91 1566.87 2249.48 1986.36 1917.4 1455.31 1430.52 1342.25 551.551 544.876 1141.36 1345.17 1813.1 2575.6 2400.38 2068.07 1660.83 1482.65 2373.29 1779 795.537 951.286 1223.33 1680.58 1986.45 1939.21 1612.66 1686.24 1638.62 1779.6 1461.85 1555.54 1880.56 1789.74 1531.29 1367.33 1220.72 1515.62 1720.23 1681.13 
2021.97 1975.04 2133.26 2265.04 2314.05 2201.19 2142.13 2201.61 2137 2095.6 2087.24 2151.51 2350.36 2497.17 2622.49 2765.92 2788.25 2812.78 2841.64 2443.28 2294.33 2070 1687.51 1301.55 535.687 0 260.221 576.333 1149.29 2065.42 1917.39 2296.24 2561.38 2683.14 3331.29 1683.17 422.043 379.961 636.941 853.935 1492.49 2205.34 3423.1 4059.54 4334.85 4890.13 5366.99 3219.59 1370.77 666.73 698.784 1776.98 2935.06 3042.82 3122.28 3049.39 3911.48 4807.85 5750.97 2142.54 901.156 1708.34 3007.82 3423.38 3183.53 3075.25 3009.36 3210.15 2628.36 1985.86 2045.77 2487.03 2052.82 1865.58 1831.36 1753.06 1600.26 1380.76 1178.18 1049.95 892.993 750.508 675.555 907.141 1131.29 1484.62 2184.66 2436.86 3014.84 3202.09 3026.03 2849.66 3245.23 3083.67 1055.87 411.287 622.826 1267.06 2573.26 2623.63 2796.26 2876.06 2841.37 3106.95 2235.74 1106.95 779.919 1057.08 1382.57 2346.18 2514.35 2702.66 2242.91 2402.21 2555.56 1545.31 543.984 549.507 808.948 1219.26 2133.3 2445.58 2493.74 2254.03 2415.88 4213.06 3512.45 1072.23 521.074 640.683 1046.56 1457.16 1862.91 2018.71 2287.85 2357.75 2753.69 2129.43 1938.27 2021.44 2105.71 2096.13 2130.49 1626.3 1694.83 1780.05 1670.4 
2117.63 2054.01 2224.15 2362.04 2415.18 2302.55 2238.37 2298.79 2232.32 2193.42 2210.91 2280.09 2445.9 2605.94 2730.32 2836.48 2829.14 2810.39 2833.26 2403.4 2263.84 2043.76 1716.33 1486.22 896.92 260.221 0 138.53 551.365 1352.72 1358.22 2027.72 2407.75 2664.92 3502.93 2117.78 881.316 394.832 398.731 524.792 963.401 1727.47 3126 3980.47 4334.77 5048.2 5658.07 3732.26 2082.99 887.056 521.13 1295.92 2367.16 2693.57 3014.52 3058.48 4118.74 5132.41 6136.73 2731.04 1268.98 1368.17 2331.02 2695.42 2527.37 2721.14 2713.28 2907.38 2511.37 2079.39 2222.3 2513.41 1903.85 1705.9 1718.23 1686.1 1535.43 1345.07 1156 1008.15 823.51 660.117 536.099 623.797 827.61 1124.95 1796.96 2068.52 2699.88 3062.5 3022.52 2919.55 3339.05 3349.54 1587.97 710.965 432.572 857.827 1942.3 2207 2661.53 2983.24 2945.13 3170.05 2401.24 1390.72 740.82 736.093 894.483 1780.08 2128.02 2558.35 2162.8 2407.1 2747.52 1890.47 977.2 690.401 603.091 919.584 1685.72 2023.75 2344.77 2304.8 2615.85 4543.03 4148.02 1827.38 899.773 598.466 859.98 1120.33 1457.96 1857.96 2393.41 2585.68 2967.71 2209.14 1895.72 1867.28 1912.46 2063.3 2172.13 1642.07 1693.42 1772.41 1613.59 
1908.09 1852.97 2001.33 2125.25 2171.8 2079.13 2017.71 2070.95 2016.67 1992.45 2037.71 2114.95 2235.22 2378.69 2495.09 2553.77 2524.43 2478.29 2499.71 2115.14 2024.04 1781.95 1476.73 1370.71 1010.21 576.333 138.53 0 253.302 918.785 996.932 1693.14 2055.33 2353.49 3174.58 2085.42 1210.91 686.961 492.033 493.324 821.765 1475.62 2824.6 3734.58 4089.64 4797.7 5331.77 3693.54 2401.85 1173.77 499.953 1039.26 1897.55 2260.61 2660.07 2808.48 3971.88 4822.32 5757.37 2813.61 1654.39 1505.8 2306.7 2534.37 2249.33 2361.8 2328.07 2496.99 2311.39 1945.76 2233.49 2552.21 1774.5 1472.87 1434.22 1442.66 1321.65 1185.6 1064.19 938.223 795.191 666.255 583.587 630.275 790.505 957.107 1411.85 1658.35 2257.55 2686.93 2665.45 2589.66 2944.92 3054.75 1716.81 1042.96 600.494 848.46 1820.8 2000.28 2444.58 2774.5 2681.76 2828.54 2284.71 1620.9 913.173 617.549 655.262 1443.61 1783.48 2255.7 1875.61 2110.62 2499.48 1854.39 1209.96 981.909 707.447 878.178 1535.9 1811.97 2193.26 2213.02 2511.31 4255.32 4095.99 2226.31 1301.16 846.399 1001.1 1104.68 1248.21 1665.45 2320.55 2565.34 2964.17 2197.25 1773.29 1666.67 1695.72 1874.5 1942.88 1521.12 1638.86 1739.25 1588 
2164.94 2109.93 2261.04 2394.8 2451.77 2361.04 2285.51 2331.64 2284.99 2284.72 2417.22 2548.11 2633.06 2810.15 2949.58 2947.69 2869.59 2769.56 2795.79 2409.48 2401.89 2128.55 1729.32 1639.08 1413.05 1149.29 551.365 253.302 0 281.084 669.722 1857.99 2298.24 2653.5 3287.88 2370.17 1794.54 1201.3 1039.83 851.002 654.512 1488.11 3182.26 4407.16 4781.71 5403.25 5487.44 3969.58 3154.88 1787.2 806.431 717.832 1352.03 2176.21 2945.35 3294.31 4753.29 5113 5404.29 2861.59 2083.74 1659.93 2380.54 2395.76 1855.04 2357.99 2481.48 2484.86 2431.03 2158.62 2528.4 2799.6 1918.67 1724.55 1724.94 1736.44 1582.02 1408.33 1289.02 1128.25 949.597 766.791 682.277 708.906 886.751 856.897 1124.97 1382.56 2132.52 2966.65 3074.5 2996.48 3040.2 3048.29 2119.89 1526.22 938.303 946.312 1397.82 2029.12 2913.4 3476.53 3240.09 2950.82 2368.84 2011.17 1381.88 972.69 611.203 967.974 1604.92 2549.56 2212.3 2472.37 2894.28 2246.39 1839.94 1570 1134.36 1135.06 1250.38 1530.15 2557.45 2875.43 3217.68 4576.6 4353.2 2926.43 1979.11 1358.84 1486.89 1195.68 1019.01 1741.18 2781.24 3094.61 3476.74 2626.53 2093.91 1834.5 1833.32 2218.24 2274.33 1775.52 1915.38 1996.93 1716.61 
2430.27 2388.28 2528.63 2657.23 2730.51 2657.97 2577.76 2612.81 2576.44 2595.67 2802.66 2990.42 3021.8 3205.95 3351.26 3286.12 3155.96 3015.28 3071.07 2689.25 2724.1 2433.17 2016.27 1999.67 1999.47 2065.42 1352.72 918.785 281.084 0 448.085 1990.75 2458.14 2918.01 3372.7 2710.97 2625.38 1976.54 1739.16 1458.17 707.813 1372.19 3269.49 4717.14 5074.7 5709.08 5485.84 4160.38 3905.65 2521.1 1289.64 622.727 815.792 1993.2 3137.31 3760.97 5505.53 5486.71 5181.54 3228.12 2908.56 2171.1 2711.12 2467.74 1568.06 2213.52 2597.48 2604.94 2547.41 2323.74 2795.43 3118.02 2100.58 2004.58 2085.01 2123.51 1978.39 1821.93 1711.59 1538.42 1386.41 1234.49 1208.99 1200.43 1367.8 1144.94 1088.06 1194.23 1939.65 3172.29 3411.17 3368.42 3180.42 3053.94 2629.92 2309.81 1539.54 1310.59 1173.92 1944.87 3224.09 3975.89 3734.95 3066.64 2508.57 2540.63 1989.67 1446.39 804.467 638.845 1344.71 2716.79 2534.8 2875.22 3318.64 2736.61 2717.46 2536.56 1927.32 1795.41 1360.42 1355.33 2839.05 3434.43 3812.07 4834.72 4599.45 3795.38 2959.21 2204.89 2287.69 1647.85 1009.09 1843.8 3204.7 3523.78 3806.18 3012.71 2473.55 2151.98 2018.95 2510.28 2600.02 2194.99 2418.54 2537.62 2175.24 
1594.07 1554.31 1660.67 1773.67 1842.71 1797.85 1739.55 1763.94 1736.1 1743.76 1888.13 2036.71 2055.63 2175.7 2277.17 2222.91 2108.22 1979.35 2013.93 1698.76 1655.66 1471.59 1267.26 1393.62 1608.3 1917.39 1358.22 996.932 669.722 448.085 0 855.135 1347.91 1828.15 2545.85 2158.67 2266.22 1712.63 1339.2 1112.65 517.992 413.558 1607.06 2924.47 3293.88 4065.02 4465.1 3451.41 3115.82 2037.7 992.457 567.654 414.946 895.611 1927.7 2679.68 4123.61 4441.66 4924.5 3294.5 2943.61 2176.87 2559.97 2244.64 1144.46 1049.89 1610.6 1893.73 1796.95 1632.1 1978.93 2387 1434.41 1213.86 1308.57 1407.75 1323.56 1274.43 1210.89 1102.05 1089.05 1163.99 1274.83 1233.21 1317.76 1172.13 958.961 817.567 986.828 1829.55 2197.9 2223.85 2321.23 2417.4 2132.02 2062.46 1357.92 1133.64 1030.29 723.813 1718.18 2565 2586.75 2279.44 1941.29 2148.91 1581.27 1048.89 657.068 531.975 455.265 1393.72 1512.44 1963.45 2411.78 2113.13 2347.08 2326.71 1847.42 1783.09 1524.74 893.792 1469.83 2053.4 2454.61 3717.08 3883.55 3253.01 2572.2 1971.22 1978.36 1564.96 876.816 920.456 2036.27 2465.8 2703.9 2123.44 1738.51 1514.36 1276.13 1513.73 1679.28 1615.03 1930.32 2107.79 1873.99 
790.041 799.922 811.983 860.809 905.656 913.277 898.84 899.477 894.378 895.926 945.219 1006.08 979.581 970.315 999.796 963.328 902.318 847.18 772.068 588.086 512.595 478.835 605.775 948.455 1557.94 2296.24 2027.72 1693.14 1857.99 1990.75 855.135 0 239.743 559.607 1370.53 1621.54 2257.55 2047.54 1645.88 1620.07 1643.65 642.707 454.511 946.441 1386.85 2065.09 3037.83 2727 2436.43 1883.21 1318.55 1622.7 1345.12 571.033 818.855 1644.71 2587.03 2873.16 4537.14 3774.87 3738.53 3350.85 3958.67 3689.68 2468.79 616.354 816.601 1302.59 1264.35 1230.65 1736.06 2438.34 1457.63 810.958 683.958 798.563 868.16 1007.8 1111.74 1177.19 1436.32 1847.07 2166.84 2145.18 2157.46 2073.44 1552.77 1256.6 834.538 590.471 664.609 759.079 1077.47 1574.88 1870.67 2417.81 2035.13 2178.94 2721.02 783.598 363.87 776.331 941.644 1264.21 1607.07 2235.89 1659.55 1136.94 1404.55 1769.42 706.423 328.713 484.248 845.427 1184.54 1467.44 2278.64 2649.26 2430.34 2591.25 2998.59 1902.8 770.482 660.827 945.723 2079.38 2925.32 2922.15 2646.47 2392.24 2430.11 2490.54 1904.62 812.217 907.458 1357.28 1729.38 1653.09 1397 1310.93 985.188 775.548 851.6 1357.56 1904.76 2233.22 2282.54 
739.978 796.175 771.068 789.824 829.214 858.926 853.076 841.519 843.875 848.985 891.441 950.505 902.805 846.124 853.097 821.828 770.999 737.49 632.932 417.655 392.372 416.177 540.562 889.205 1614.85 2561.38 2407.75 2055.33 2298.24 2458.14 1347.91 239.743 0 203.423 972.919 1413.2 2344.42 2343.26 2041.73 2153.65 2320.72 1109.31 724.291 835.982 962.975 1594.35 2543.13 2385.2 2324.17 1988.92 1650.82 2209.42 1901.36 1045.43 1027.08 1604.25 2420.13 2707.07 4297.45 3897.46 4202.16 4097.41 4933.58 4710.07 3359.28 1046.27 962.059 1371.01 1296.59 1295.97 2065.57 2967.8 1867.65 1067.78 782.541 862.604 986.774 1161.23 1320.86 1464.64 1812.25 2292.21 2688.47 2719.11 2763.86 2675.31 2002.32 1678.67 1199.74 850.143 547.505 389.533 707.826 1267.97 1861.19 2727.09 2503.66 2897.05 3670.01 1491.04 651.158 482.812 522.072 837.044 1402.68 2273.63 1849.32 1410.95 1912.38 2454.58 1239.61 611.592 465.012 664.635 924.673 1347.74 2449.36 3039.93 2917.72 3201.1 3818.22 2666.43 1314.02 828.445 658.009 1561.04 2553.35 2932.92 2905.81 2808.31 2972.33 3158.44 2514.25 1270.47 1047 1247.02 1646.23 1748.71 1514.05 1523.83 1297.46 967.016 911.888 1584.4 2264.24 2687.14 2808.88 
876.566 989.033 947.735 952.112 986.522 1024.98 1021 1020.52 1022.25 1042.11 1102.35 1159.92 1115.29 1036.83 1040.61 1016.16 970.554 952.122 838.528 603.389 478.04 473.371 534.969 768.964 1552.75 2683.14 2664.92 2353.49 2653.5 2918.01 1828.15 559.607 203.423 0 466.38 1067.78 2312.23 2559.18 2415.23 2673.05 2960.34 1626.9 942.365 884.88 848.656 1015.17 1738.28 1816.52 2103.8 2032.62 1970.81 2797.23 2568.72 1566.76 1475.2 2034.4 2491.47 2252.76 3718.62 3702.01 4414.66 4615.16 5707.97 5595.77 4231.08 1625.56 1465.93 1803.72 1553.29 1444.03 2553.31 3700.25 2457.29 1489.45 1066.58 1075.15 1207.78 1393.92 1565.22 1751.47 2128.34 2630.8 3099.6 3223.24 3348.74 3318.32 2634.09 2308.77 1773.91 1207.85 810.44 374.95 355.911 878.401 1732.11 2945.93 2934.98 3518.01 4495.46 2087.68 979.416 517.717 288.756 476.307 1121.14 2145.13 1969.3 1727.56 2427.64 3149.86 1835.81 1010.14 742.965 723.061 796.363 1181.85 2516.13 3326.66 3338.69 3787.71 4562.61 3429.93 1806.76 1120.17 584.889 909.179 1848.01 2732.43 3082.2 3151.42 3486.79 3820.62 3203.63 1738.4 1336.89 1261.24 1524.12 1868.59 1884.99 2072.77 1815.3 1355.28 1173.25 1926.27 2695.99 3180.19 3320.84 
