0 1.81276 4.78212 6.89918 5.56571 5.7708 5.82704 85.2987 250.194 283.455 256.224 297.473 568.917 1407.76 2555.78 2868.52 2961.63 4832.21 4875.46 7291.27 5804.37 4610.31 6926.76 5649.36 6699.01 4241.63 3271.22 3081.61 6040.02 10646.6 5538.26 3952.33 4246.39 7279.19 5253.44 5932.95 10666 6348.91 3029.22 3235.51 1911.71 1438.02 1657.82 1797.86 981.297 1208.57 2889.88 4339.53 3857.69 4557.53 3347.99 4831.56 6647.28 5718.37 7047.76 5184.03 7008.39 4528.18 4522.92 4927.43 6146.25 4374.74 5342.71 7107.22 6595.28 8102.36 4597.45 2496.92 2847.69 2539.06 4202.09 4952.09 3909.32 1843.78 613.88 
1.81276 0 2.12762 5.62209 4.65603 4.71911 6.32768 91.894 259.286 288.793 265.117 302.372 571.044 1410.83 2570.95 2888.83 2976.48 4866.3 4891.51 7309.41 5829.6 4638.8 6981.32 5658.65 6715.83 4249.6 3294.99 3110.23 6043.72 10683.7 5581.4 3981.33 4249.23 7300.92 5290.65 5935.44 10680.1 6375.91 3061.52 3271.88 1946.88 1449.48 1676.57 1843.71 1015.76 1216.89 2897.21 4355.45 3857.73 4574.34 3359.47 4843.34 6671.22 5758.53 7101.17 5210.56 7032.85 4527.69 4566.01 4947.03 6166.67 4403.96 5386.05 7155.98 6625.51 8168.3 4648.23 2509.01 2861.22 2564 4239.46 4972.02 3917.47 1857.08 616.685 
4.78212 2.12762 0 3.30856 3.07014 3.50997 8.09959 99.2066 272.912 298.246 282.623 327.417 604.553 1440.27 2596.11 2918.04 3005.36 4947.69 4935.52 7298.85 5834.34 4650.89 7101.44 5688.81 6693.55 4217.5 3319.57 3178.24 6005.44 10634.1 5565.56 4014.65 4207.93 7245.47 5336.06 6046.88 10789.6 6449.74 3137.34 3349.08 2013.93 1492.56 1700.71 1872.51 1047.46 1237.91 2894.71 4363.04 3857.57 4603.74 3392.39 4839.48 6678.7 5782.78 7218.92 5241.99 7029.61 4502.4 4642.97 4978.74 6119.47 4398.88 5447.17 7261.55 6648.78 8195.4 4672.65 2484.06 2830.33 2573.82 4310.86 5016.59 3904.18 1830.56 622.056 
6.89918 5.62209 3.30856 0 1.17812 2.46794 5.08268 92.1614 267.578 297.918 272.705 323.624 620.798 1457.28 2595.14 2921.76 3054.44 4998.03 4988.42 7273.5 5790.55 4683.18 7172.44 5708.66 6640.71 4205.95 3347.61 3223.93 5992.55 10526.7 5562.92 4110.13 4202.54 7156.45 5269.02 6143.84 10933.8 6516.24 3176.26 3423.97 2036.27 1542.49 1746.08 1883.8 1052.75 1243.42 2863.85 4317.92 3859.99 4610.61 3413.97 4798.97 6598.47 5807.84 7289.03 5239.98 6919.37 4538.09 4709.79 5053.53 6034.2 4358.84 5500.32 7368.71 6732.13 8192.77 4637.74 2424.3 2754.31 2564.25 4405.69 5113.98 3945.17 1827.44 637.558 
5.56571 4.65603 3.07014 1.17812 0 1.01798 3.5078 91.3868 268.883 302.479 274.478 322.67 615.856 1459.48 2608.71 2923.44 3025.1 4952.56 4984.54 7327.94 5843.1 4666.49 7115.96 5736.33 6716.67 4244.17 3320.81 3198.23 6044.48 10626.3 5604.16 4095.15 4248.37 7244.07 5310.13 6107.18 10891.9 6528.63 3180.61 3402.08 2011.88 1507.13 1748.21 1901.5 1061.15 1246.67 2887.96 4343.49 3860.79 4586.15 3399.22 4833.79 6645.71 5782.39 7231.11 5258.55 6985.98 4545.09 4665.59 5042.44 6113.16 4385.33 5444.6 7299.81 6750.36 8256.14 4689.4 2455.87 2773.63 2572.53 4398.31 5131.88 3996.23 1859.7 632.96 
5.7708 4.71911 3.50997 2.46794 1.01798 0 4.43291 93.4404 272.902 305.26 281.739 328.256 617.79 1461.18 2601.38 2905.9 2993.63 4907.89 4967.46 7316.95 5847.07 4634.42 7055.43 5739.27 6722.25 4250.27 3287.79 3181.36 6048.55 10628.9 5601.75 4059.4 4244.98 7248.9 5327.76 6101.36 10881.5 6524.86 3193.54 3395.9 2005.01 1490.79 1736.56 1894.49 1061.93 1241.37 2883.95 4331.79 3848.16 4551.58 3367.83 4833.69 6655.91 5747.61 7172.82 5259.66 7005.05 4531.71 4622.71 5022.68 6125.08 4406.79 5411.98 7247.43 6724.28 8254.96 4706.86 2469.25 2787.43 2568.68 4387.11 5123.11 3992.56 1853.97 621.674 
5.82704 6.32768 8.09959 5.08268 3.5078 4.43291 0 74.2091 247.201 285.995 247.164 289.688 584.268 1425.74 2580.32 2908.87 3023.4 4895.93 4938.87 7324.14 5840.67 4676.55 7031.59 5684.54 6727.35 4289.66 3320.17 3137.87 6053.15 10657.8 5645.43 4099.26 4269.46 7268.83 5261.8 6027.9 10806.7 6461.26 3108.75 3335.97 1950.52 1468.25 1720.76 1876.83 1032.59 1226.45 2877.88 4337.85 3874.42 4576.89 3376.97 4813.47 6626.14 5777.62 7149.51 5197.43 6968.03 4582.53 4623.29 5017.66 6139.57 4390.43 5407.84 7223.89 6734.06 8228.89 4662.21 2465.86 2782.43 2562.44 4352.6 5101.86 4023.18 1901.83 641.149 
85.2987 91.894 99.2066 92.1614 91.3868 93.4404 74.2091 0 120.231 191.308 179.125 193.917 484.464 1339.28 2442.36 2763.35 2888.4 4716.79 4783.84 7149.38 5585.51 4494.96 6956.93 5553.06 6527.38 4147.62 3242.77 3092.78 6100.16 10703 5711.55 4271.7 4273.62 7130.77 5170.95 6424.39 11318.1 6605.03 2952.44 3183.03 1906.64 1548.13 1686.34 1746.54 865.182 1161.67 2860.48 4260.6 3747.96 4517.82 3435.42 4688.13 6302.6 5582.05 7167.41 5007.85 6604.18 4338.41 4595.63 5179.74 6019.61 4115.88 5220.18 7326.49 6829.69 8118.58 4429.42 2260.57 2616.99 2541.47 4320.9 5011.6 4110.76 2046.96 665.787 
250.194 259.286 272.912 267.578 268.883 272.902 247.201 120.231 0 82.9887 126.827 145.756 366.71 1144.77 2373.28 2641.56 2798.42 4486.19 4353.14 6991.98 5259.71 4379.3 6722.15 5172.3 6524.88 3863.94 3166.52 2817.98 6041.82 10966.1 5874.99 4326.14 4287.84 7213.72 4879.19 6393.34 11904.6 7053.07 2672.8 2762.64 1885.38 1670.8 1741.3 1787.37 674.546 949.954 2791.88 4357.84 3672.85 4488.1 3362.92 4678.64 6058.83 5473.39 6970.13 4889.01 6436.48 3981.93 4414.24 5079.8 6397.13 3824.36 5058.91 7212.85 6951.31 8260.34 4242.56 1969.91 2279.93 2252.94 3977.67 4712.38 4108.87 2320.69 754.486 
283.455 288.793 298.246 297.918 302.479 305.26 285.995 191.308 82.9887 0 97.5186 174.793 409.846 1192.06 2351.69 2698.1 2784.39 4641.88 4384.73 6919.11 5328.03 4338.44 6958.65 5145.56 6530.7 3970.64 3133.49 3040.7 5940.27 11099.4 5991.38 4388.89 4295.6 7307.71 5047.18 6160.57 11620.4 7016.05 2752.59 2455.57 1724.08 1873.5 1739.48 1787.83 716.11 936.006 2762.43 4449.49 3789.95 4564.67 3512.33 4706.75 6251.12 5455.11 7220.05 4844.08 6795.23 3935.5 4439.49 5046.85 6453.5 4104.68 5033.69 7385.92 6858.88 8321.72 4363.78 1910.77 2223.73 2024.71 3677.76 4492.67 3858.71 2263.61 925.609 
256.224 265.117 282.623 272.705 274.478 281.739 247.164 179.125 126.827 97.5186 0 101.825 413.942 1304.71 2621.67 2976.9 3085.69 4873.78 4806.93 7528.95 5815.44 4717.02 7047.9 5465.29 7062.62 4439.17 3355.89 3070.73 6327.27 11573.8 6337.56 4678.91 4700.96 7774.26 5026.39 5898.57 11297.3 6962.67 2862.33 2650.93 1555.65 1771.73 1973.3 2023.03 833.503 1073.37 2979.73 4693.97 4098.15 4746.38 3696.9 5033.93 6672.29 5752.81 7284.56 5084.73 7134.21 4540.42 4537.98 5225.54 6820.73 4382.04 5223.01 7393.73 7295.94 8753.28 4661.78 2170.72 2433.03 2310.76 4030.38 5001 4351.05 2494.34 1032.42 
297.473 302.372 327.417 323.624 322.67 328.256 289.688 193.917 145.756 174.793 101.825 0 234.435 1110.5 2554.3 3029.84 3068.12 4629.68 4629.77 7605.62 6024.55 4883.49 6786.95 5289.82 7187.49 4657.02 3440.07 2876.19 6372.32 11812.7 6551.14 4686.46 4831 8021.51 5196.31 5799.16 11172.7 6947.09 2892.93 2876.12 1730.37 1603.71 1890.66 2135.63 881.254 984.753 2957.19 4736.1 4108.01 4708.58 3540.62 4973.09 6819.2 5965.46 7032.71 4974.79 7226.32 4691.55 4560.23 5102.73 6914.92 4569.04 5326.45 7199.84 7184.58 8841.63 4880.9 2491.47 2685.82 2467.61 4030.82 5006.28 4621.97 2813.81 1059.57 
568.917 571.044 604.553 620.798 615.856 617.79 584.268 484.464 366.71 409.846 413.942 234.435 0 588.469 2101.39 2635.64 2516.84 3719.99 3676.91 7186.58 5732.61 4285.87 5826.43 4614.12 7093.91 4355.74 2940.42 2338.5 6198.2 11882.1 6241.16 3969.02 4698.73 8295.41 5335.73 5171.42 10519.8 6703.98 2765.45 2667.5 1809.04 1537.84 1656.81 1996.89 792.36 526.46 2554.54 4481.61 3717.44 4174 2851.2 4697.41 6672.32 5416.47 6105.23 4560.85 7382.27 4143.38 3980.57 4442.42 7266.76 4582.68 4773.53 6487.79 6621.64 8487.75 4760.35 2707.53 2900.27 2263.96 3337.17 4379.78 4378.11 2944.25 1130.43 
1407.76 1410.83 1440.27 1457.28 1459.48 1461.18 1425.74 1339.28 1144.77 1192.06 1304.71 1110.5 588.469 0 1115.47 2332.99 2555.04 3025.8 1760.08 5117.06 5101.28 4004.68 5363.46 2426.6 6043.04 4470.8 3158.98 1957.27 4065.76 10158.7 6103.43 3428.99 3102.69 7403.18 5543.78 4895.26 9450.5 6068.99 3120.37 3106.01 2834.66 1833.74 1185.96 2052.52 1389.64 437.685 1212.04 3652.39 3391.54 3762.28 1712.28 2914.23 5844.46 5155.4 5503.15 2667.46 7017.72 3942.8 4358.17 3066.93 6844.35 5241.17 5088.25 6003.75 4788.1 7118.61 4619.41 3166.16 3178.44 1935.99 2678.15 3108.47 3575.55 3328.95 1864.74 
2555.78 2570.95 2596.11 2595.14 2608.71 2601.38 2580.32 2442.36 2373.28 2351.69 2621.67 2554.3 2101.39 1115.47 0 1100.26 2431.88 2843.25 1965.6 2321.76 3154.92 3315.1 5814.59 2475.14 3259.06 4325.59 3428.89 3764.28 3505.69 7100.74 4999.97 3595.61 2496.52 5311.49 4718.46 5871.59 9411.81 4642.72 3058.74 3663.69 4103.18 3694.57 1761.94 1738.65 2094.02 1567.81 685.722 1311.96 2363.68 2899.82 1913.24 1219.14 3515.41 4242.44 6241.62 1985.4 4718.5 4181.07 5309.64 4469.91 4917.91 5671.96 5542.51 7538.26 4593.58 4612.94 2974.97 3109.59 4062.78 2458.85 3095.71 2768.64 2407.49 2672.22 2630.26 
2868.52 2888.83 2918.04 2921.76 2923.44 2905.9 2908.87 2763.35 2641.56 2698.1 2976.9 3029.84 2635.64 2332.99 1100.26 0 1306.76 2397.42 3532.53 3830 2042.95 2416.44 5414.77 4987.57 3862.91 3129.67 2955.96 4444.95 6152.41 7894.82 4863.85 3767.53 4243.41 6489.86 4703.76 6705.44 11202.9 5642.11 3113.76 3599.88 4052.68 4169.93 3017.9 2112.19 2006.57 2234.21 2203.2 1115.66 935.041 1961.15 2373.01 3146.67 2520.85 3190.4 5940.15 4491.82 4069.69 3437.68 4867.55 6286.78 6023.44 4588.68 4990.29 8012.32 7028.52 5863.1 2842.71 2513.61 3620.2 2814.05 3973.3 4157.06 3342.2 2566.37 2503.5 
2961.63 2976.48 3005.36 3054.44 3025.1 2993.63 3023.4 2888.4 2798.42 2784.39 3085.69 3068.12 2516.84 2555.04 2431.88 1306.76 0 1475.38 3675.99 6557.49 4516.99 1235.51 4497.8 5924.92 7265.32 3749.7 1708.55 4204.12 7446.94 11622 5882.27 3769.69 5787.97 9233.17 6730.6 6338.35 11273.4 7595.9 4411.63 3360.78 3572.11 3368.22 3043.58 2825.23 2394.3 2195.71 3388.3 3479.2 1149.44 1289.52 2348.62 5107.34 5363.48 2054.74 4994.86 5543.56 7912.94 2438.36 3630.32 5731.14 9029.25 5059.22 3064.16 6866.86 7368.11 8455.73 5632.46 3980.07 3693.63 2484.03 3876.67 5049.52 5087.64 3790.23 2655.39 
4832.21 4866.3 4947.69 4998.03 4952.56 4907.89 4895.93 4716.79 4486.19 4641.88 4873.78 4629.68 3719.99 3025.8 2843.25 2397.42 1475.38 0 2644.85 6361.39 6194.06 2354.14 1928.82 5260.68 8352.79 6803.83 2230.97 3723.69 7820.02 12267.4 7722.41 3479.24 6360.83 10441.5 7509.65 5952.68 10682 7730.1 5202.39 4266.52 4702.4 3941.76 3758.92 4056.01 3779.33 2841.61 3532.67 3983.22 3067.16 1208.37 1319.17 4925.4 6674.92 2734.43 2436.95 5110 9286.61 5094.76 2891.32 5548.9 10871.3 8172.03 3245.52 4598.43 6793.17 8455.14 6839.21 6586.26 6361.12 3788.48 3912.08 5068.71 6287.98 5855.03 4297.38 
4875.46 4891.51 4935.52 4988.42 4984.54 4967.46 4938.87 4783.84 4353.14 4384.73 4806.93 4629.77 3676.91 1760.08 1965.6 3532.53 3675.99 2644.85 0 3504.53 5633.41 4142.29 4530.28 983.398 6257.47 6320.96 4561.73 2671.46 2938.46 9335.89 7098.81 3410.69 2515.37 7541.37 7054.48 5595.21 9582.77 6603.32 4599.91 4113.85 5614.51 4100.15 2075.86 3441.23 3944.23 2496.97 1950.59 4523.84 4576.12 4482.82 1478.81 2393.63 6251.32 5118.23 4626.17 1625.33 8563.68 4755.1 5386.71 2282.71 8503.59 7765.56 5610.53 5228.81 2812.03 5802.68 5939.73 6325.15 6301.71 3521.12 2680.54 2265.77 3651.35 5413.24 4540.85 
7291.27 7309.41 7298.85 7273.5 7327.94 7316.95 7324.14 7149.38 6991.98 6919.11 7528.95 7605.62 7186.58 5117.06 2321.76 3830 6557.49 6361.39 3504.53 0 3213.49 5776.29 9141.42 3086.18 1302.72 6278.23 7057.02 7859.72 2497.96 3298.13 5502.88 6011.28 2339.2 3186.07 5817.34 10104.4 13414 6249.03 5912.99 7779.84 9227.07 8617.38 4624.5 4196.22 6029.41 5709.85 2745.12 2386.75 5105.32 6159.38 4802.53 929.802 3372.88 6437.8 9791.38 2551.93 3995.26 6543.36 9304.77 7272.62 3552.32 8454.3 9481.25 11250.5 4719.06 2840.22 3705.23 6198.67 7809.07 5906.58 6347.55 4229.38 2708.02 4532.41 6328.62 
5804.37 5829.6 5834.34 5790.55 5843.1 5847.07 5840.67 5585.51 5259.71 5328.03 5815.44 6024.55 5732.61 5101.28 3154.92 2042.95 4516.99 6194.06 5633.41 3213.49 0 4209.62 9126.13 6217.52 1991.75 1663.92 5628.02 7275.72 6666.52 4517.98 3660.64 5909.93 4584.64 4393.61 3949.49 10081.2 15076.1 6762.34 3965.12 6056 7366.15 8031.96 5451.94 3364.34 3806.28 4950.31 4252.46 2499.56 2500.46 5060.48 5442.59 4093.23 593.913 5003.21 9572.92 6021.5 1485.3 3392.3 8005.44 9305.51 4566.66 2973.64 7788.34 12114.4 8534.47 4407.29 1557.35 3325.82 4794.75 4736.24 6525.41 5479.32 3388.98 3277.17 4758.06 
4610.31 4638.8 4650.89 4683.18 4666.49 4634.42 4676.55 4494.96 4379.3 4338.44 4717.02 4883.49 4285.87 4004.68 3315.1 2416.44 1235.51 2354.14 4142.29 5776.29 4209.62 0 4736.92 6164.94 6487.32 3432.01 1008.39 5267.26 7325.69 10110.3 4565.37 4075.42 5526 7717.86 5825.85 7143.58 12371.8 7853.05 5010.31 4088.39 4483.06 5213.31 4334.26 3337.12 3259.38 3393.78 3969.84 3961.17 2114.13 1594.68 3191.16 5026.64 4872.68 382.613 5551.53 5535.07 7504.03 1681.55 3329.5 6679.53 8553.43 4919.91 1614 7176.98 7564.26 7360.71 5155.73 4740.31 4861.51 3255.3 4953.51 5887.11 5143.08 3994.42 3790.18 
6926.76 6981.32 7101.44 7172.44 7115.96 7055.43 7031.59 6956.93 6722.15 6958.65 7047.9 6786.95 5826.43 5363.46 5814.59 5414.77 4497.8 1928.82 4530.28 9141.42 9126.13 4736.92 0 6781.3 10956.4 9524.44 3546.52 2832.57 9860.31 13966.7 8556.28 2987.16 8385.16 12130 7981.23 5399.82 11048.1 8649.05 6105.49 5620.71 5304.02 4457.09 5531.12 5481.74 5337.53 4789.4 6214.64 7044.8 6943.75 4374.49 2854.5 7952.48 10129.1 4891.79 297.237 7149.91 12124.1 8222.62 1739.25 5147.29 12836.1 10316 3963.62 1799.91 6834.02 9578.06 8832.61 10067.8 9914.31 6379.26 5349.73 7296.78 8672.38 7689.16 5789.15 
5649.36 5658.65 5688.81 5708.66 5736.33 5739.27 5684.54 5553.06 5172.3 5145.56 5465.29 5289.82 4614.12 2426.6 2475.14 4987.57 5924.92 5260.68 983.398 3086.18 6217.52 6164.94 6781.3 0 5440.96 7229.42 6469.09 3452.46 1398.07 7979.91 7492.88 5002.74 2113.18 6355.85 6534.81 5799.73 9748.83 6545.58 5117.33 5709.62 6782.83 5144.49 2707.43 4188.08 4998.18 3550.53 2094.78 5055 6020.06 6729.17 3136.74 1839.67 6696.54 7237.97 6855.55 650.186 8311.75 6168.05 7451.35 2163.62 7085.98 8466.22 8042.15 7074.96 2663.58 5485.62 6279.24 6931.56 6803.53 4177.17 3933.67 3264.25 4090.71 6194.37 5657.89 
6699.01 6715.83 6693.55 6640.71 6716.67 6722.25 6727.35 6527.38 6524.88 6530.7 7062.62 7187.49 7093.91 6043.04 3259.06 3862.91 7265.32 8352.79 6257.47 1302.72 1991.75 6487.32 10956.4 5440.96 0 4515.67 7421.88 8786.58 4347.61 1954.56 3563.35 6512.5 3204.99 1990.81 4292.8 11411.2 15115 5912.31 4928.54 8481.86 9291.25 9143.3 5376.75 3613.27 5240.09 6265.51 4100.28 2388.97 5201.51 7300.79 6736.77 2551.56 2419.89 7313.21 11763.7 4672.21 1666.81 6409.47 9764.09 9475.81 1345.89 6121.89 10437.6 13527.1 6670.26 2427.17 2114.92 5219.3 7355.74 6499.33 7850.19 5771.73 2816.62 3320.52 5622.95 
4241.63 4249.6 4217.5 4205.95 4244.17 4250.27 4289.66 4147.62 3863.94 3970.64 4439.17 4657.02 4355.74 4470.8 4325.59 3129.67 3749.7 6803.83 6320.96 6278.23 1663.92 3432.01 9524.44 7229.42 4515.67 0 4267.4 6208.57 7621.17 7333.03 2731.7 5240.95 5069.37 5515.71 4356.74 9846.44 16136.9 8602.98 4136.61 5703.32 6410.43 6499.94 5043.62 3164.58 2790.87 3898.38 4926.07 4605.88 2651.19 5599.39 5752.16 6212.03 2980.07 4704.36 9837.26 7509.62 3879.81 1256.08 6890.08 8280.68 5942.26 840.206 6269.58 11729.8 9201.3 6734.38 2866.08 2934.12 3516.88 3999.37 6792.45 6659.8 4307.88 2773.56 3227.61 
3271.22 3294.99 3319.57 3347.61 3320.81 3287.79 3320.17 3242.77 3166.52 3133.49 3355.89 3440.07 2940.42 3158.98 3428.89 2955.96 1708.55 2230.97 4561.73 7057.02 5628.02 1008.39 3546.52 6469.09 7421.88 4267.4 0 3786.79 7861.77 11624.8 5024.36 3389.75 6175.45 8677.97 5681.92 6160.25 11941.4 7893.33 4569.73 3788.54 2966.08 3549.89 3913.52 3156.37 2416.01 2462.12 3965.37 4608.27 3297.72 1852.01 2989.7 5687.4 6512.87 1296.81 4284.5 5905.19 8163.89 2756.33 1283.68 6174.51 8497.17 5309.49 1046.89 5303.28 7716.41 8632.08 5561.44 4331.04 4257.1 2739.8 4613.43 6352.63 5856.54 3873.73 2761.46 
3081.61 3110.23 3178.24 3223.93 3198.23 3181.36 3137.87 3092.78 2817.98 3040.7 3070.73 2876.19 2338.5 1957.27 3764.28 4444.95 4204.12 3723.69 2671.46 7859.72 7275.72 5267.26 2832.57 3452.46 8786.58 6208.57 3786.79 0 5823.66 12213.3 6951.44 2633.43 4704.99 9570.95 6402.97 4360.98 9481.66 6898.61 3670.51 3733.1 3017.72 1522.45 2361.82 3182.69 2577.48 2167.64 3847.59 6478.77 5880.57 5699.28 2308.63 5714.94 8293.85 6175.8 2520.77 4169.89 9407.49 5666.45 2776.7 1716.58 9193.24 6265.77 4748.65 2400.78 4490.11 8374.01 6412.7 5823.36 5640.07 3693.69 3478.73 4704.23 5915.85 5191.14 2975.62 
6040.02 6043.72 6005.44 5992.55 6044.48 6048.55 6053.15 6100.16 6041.82 5940.27 6327.27 6372.32 6198.2 4065.76 3505.69 6152.41 7446.94 7820.02 2938.46 2497.96 6666.52 7325.69 9860.31 1398.07 4347.61 7621.17 7861.77 5823.66 0 5396.34 6901.52 6007.38 1324.32 4439.42 7542.63 8774.75 11648.6 7148.5 6885.58 8051.99 8408.23 6245.45 3081 4536.44 6093.42 5021.49 2788.4 5405.43 7013.62 8048.43 4692.26 1683.93 7115.78 8457.11 9856.75 1502.2 7944.62 7206.2 9552 3523.76 4577.49 9193.66 10327.4 9751.85 2621.47 4834.04 6647.7 7148.09 7204.64 5170.1 5922.88 4441.44 3578.51 5391.58 6102.64 
10646.6 10683.7 10634.1 10526.7 10626.3 10628.9 10657.8 10703 10966.1 11099.4 11573.8 11812.7 11882.1 10158.7 7100.74 7894.82 11622 12267.4 9335.89 3298.13 4517.98 10110.3 13966.7 7979.91 1954.56 7333.03 11624.8 12213.3 5396.34 0 4372.2 8611.48 4315.51 1885.36 6452.04 15280.2 18430.4 8717.41 9072.99 13806.9 14312.1 12858.2 8327.19 6432.29 9294.63 10136.6 6727.41 5185.35 8847.34 11035.9 9194.56 4887 4975.53 11088 14406.7 7478.83 4218.61 10343 13893.3 11562.4 2493.92 8922.33 15137.4 16616.1 7611.6 2779.55 5067.94 10000.2 11281 10188 12231.4 9554.36 5215.91 5606.21 9186.84 
5538.26 5581.4 5565.56 5562.92 5604.16 5601.75 5645.43 5711.55 5874.99 5991.38 6337.56 6551.14 6241.16 6103.43 4999.97 4863.85 5882.27 7722.41 7098.81 5502.88 3660.64 4565.37 8556.28 7492.88 3563.35 2731.7 5024.36 6951.44 6901.52 4372.2 0 3271.99 4358.65 3281.63 3260.81 9245.12 14148.2 6387.01 3979.52 7268.45 7819.64 7387.9 4960.57 2328.2 3637.67 5343.4 5433.15 4633.8 5569.88 7271.28 6444.02 6096.45 5497.26 5788.18 9242.09 7348.4 5380.39 4656.54 6490.52 7868.11 3970.82 3516.1 7134.92 10784.4 6402.14 2911.97 2726.67 6721.45 7885.97 6043.89 7289.67 6992.6 3684.71 2101.78 3904.75 
3952.33 3981.33 4014.65 4110.13 4095.15 4059.4 4099.26 4271.7 4326.14 4388.89 4678.91 4686.46 3969.02 3428.99 3595.61 3767.53 3769.69 3479.24 3410.69 6011.28 5909.93 4075.42 2987.16 5002.74 6512.5 5240.95 3389.75 2633.43 6007.38 8611.48 3271.99 0 3797.4 7090.39 5918.15 5156.72 8965.79 4972.34 3379.45 4243.79 4783.27 3243.35 2444.21 2043.92 2806.7 3022.41 3997.23 4971.91 5380.93 5112.92 2532.58 5612.74 7859.58 5201.04 3032.21 5518.42 8950.53 5461.46 2669.15 3266.84 7479.53 6383.16 4935.36 3646.13 3216.64 4699.02 4733.72 7075.98 8074.51 4747.84 3337.69 3699.6 3313.91 2824.37 2868.42 
4246.39 4249.23 4207.93 4202.54 4248.37 4244.98 4269.46 4273.62 4287.84 4295.6 4700.96 4831 4698.73 3102.69 2496.52 4243.41 5787.97 6360.83 2515.37 2339.2 4584.64 5526 8385.16 2113.18 3204.99 5069.37 6175.45 4704.99 1324.32 4315.51 4358.65 3797.4 0 2648.52 5605.46 8774.16 12099.2 6203.29 5117.63 6666.35 7272.53 5331.42 2344.35 2786.51 4046.21 3455.79 1795.4 3577.04 5295.12 6576.97 3252.02 1772.57 5312.35 6962.76 8585.15 2393.24 5912.32 5413.79 7983.1 3668.94 3764.96 6592.9 8696.28 8960.94 2720.94 3651.02 4487.24 5531.56 6254.07 4710.59 5497.79 3669.46 2039.38 2873.79 3849.93 
7279.19 7300.92 7245.47 7156.45 7244.07 7248.9 7268.83 7130.77 7213.72 7307.71 7774.26 8021.51 8295.41 7403.18 5311.49 6489.86 9233.17 10441.5 7541.37 3186.07 4393.61 7717.86 12130 6355.85 1990.81 5515.71 8677.97 9570.95 4439.42 1885.36 3281.63 7090.39 2648.52 0 3564.05 13496.9 19331.4 9188.3 6623.3 10799 11352.7 10260.5 6375 4395.91 6177.04 6774.8 4592.6 4099.63 7348.5 9617.35 7588.26 3837.8 4973.72 9230.56 13050.6 6140.4 4136.51 7671.18 11307 9635.16 2158.42 6487.58 11960.8 15087 7185.69 3443.94 4351 7550.22 8683.61 8254.38 10941.6 8825.71 4431.59 3634.68 5819.72 
5253.44 5290.65 5336.06 5269.02 5310.13 5327.76 5261.8 5170.95 4879.19 5047.18 5026.39 5196.31 5335.73 5543.78 4718.46 4703.76 6730.6 7509.65 7054.48 5817.34 3949.49 5825.85 7981.23 6534.81 4292.8 4356.74 5681.92 6402.97 7542.63 6452.04 3260.81 5918.15 5605.46 3564.05 0 7154.62 15909.6 8030.03 2785.87 6260.03 6925.11 7654.69 6324.58 3639.2 3579.66 4666.2 4662.3 3892.76 5671.13 7396.76 6454.39 5438.47 4725.11 6800.59 9063.3 6668.64 4579.01 6295.07 7000.12 8949.4 5599.61 4124.81 7472.96 11254 9333.59 5567.05 3395.12 6054.82 6873.33 6038.88 8461.12 8799.95 5898.56 3746.87 3931.76 
5932.95 5935.44 6046.88 6143.84 6107.18 6101.36 6027.9 6424.39 6393.34 6160.57 5898.57 5799.16 5171.42 4895.26 5871.59 6705.44 6338.35 5952.68 5595.21 10104.4 10081.2 7143.58 5399.82 5799.73 11411.2 9846.44 6160.25 4360.98 8774.75 15280.2 9245.12 5156.72 8774.16 13496.9 7154.62 0 4217.06 5203.13 4305.17 3831.68 4148.08 4603.26 5199.78 5910.94 5828.24 5363.19 6493.09 8332.58 7834.7 7371.26 5505.92 7970.13 11159.7 7524.67 5382.78 6068.81 13700.2 8767.91 5268.66 4701.19 13263.2 10376.4 5947.64 5007.06 6942.31 9832.04 8788.85 9757.65 9812.28 5515.03 4031.78 6317.82 7479 7561.36 6307.06 
10666 10680.1 10789.6 10933.8 10891.9 10881.5 10806.7 11318.1 11904.6 11620.4 11297.3 11172.7 10519.8 9450.5 9411.81 11202.9 11273.4 10682 9582.77 13414 15076.1 12371.8 11048.1 9748.83 15115 16136.9 11941.4 9481.66 11648.6 18430.4 14148.2 8965.79 12099.2 19331.4 15909.6 4217.06 0 3349.43 9213.84 8437.92 8139.5 8053 7519.37 9611.17 11325.2 11429.4 11351.9 13117 12989.8 11579 9851.02 11385.5 15840.2 12165.5 10302.6 8647.9 18589.4 14784.5 10662.7 7886.31 16481.5 17436.1 11380.1 8294.36 7657.86 11241.7 12465.1 15079 16125.8 10024.6 5896.33 7102.66 9376.58 11867.8 12320.9 
6348.91 6375.91 6449.74 6516.24 6528.63 6524.86 6461.26 6605.03 7053.07 7016.05 6962.67 6947.09 6703.98 6068.99 4642.72 5642.11 7595.9 7730.1 6603.32 6249.03 6762.34 7853.05 8649.05 6545.58 5912.31 8602.98 7893.33 6898.61 7148.5 8717.41 6387.01 4972.34 6203.29 9188.3 8030.03 5203.13 3349.43 0 3765.55 5808.26 5907.02 5896.54 3990.22 3938.66 5827.35 7327.92 6774.21 6376.8 7675.27 7922.39 6710.14 5894.47 7508.93 7928.75 8548.75 5245.1 8167.18 9276.77 7582.79 6952.6 7050.62 9616.74 8721.47 7988.82 4859.66 3891.6 4340.41 8528.76 10958.6 6989.88 4286.27 3713.68 3631.97 5142.22 6702.97 
3029.22 3061.52 3137.34 3176.26 3180.61 3193.54 3108.75 2952.44 2672.8 2752.59 2862.33 2892.93 2765.45 3120.37 3058.74 3113.76 4411.63 5202.39 4599.91 5912.99 3965.12 5010.31 6105.49 5117.33 4928.54 4136.61 4569.73 3670.51 6885.58 9072.99 3979.52 3379.45 5117.63 6623.3 2785.87 4305.17 9213.84 3765.55 0 2070.84 3304.36 3819.12 2773.74 1598.34 1585.92 3177.74 4567.69 4653.92 4998.5 6218.88 4973.66 5279.81 5144.75 5843.08 6508.54 4954.43 5549.75 5032.69 4543.25 5796.56 6234.18 3771.93 5371.02 7000 6036.5 4683.41 2170.93 4403.5 6293.28 4245.52 3281.77 3665.82 3274.51 2838.97 2506.62 
3235.51 3271.88 3349.08 3423.97 3402.08 3395.9 3335.97 3183.03 2762.64 2455.57 2650.93 2876.12 2667.5 3106.01 3663.69 3599.88 3360.78 4266.52 4113.85 7779.84 6056 4088.39 5620.71 5709.62 8481.86 5703.32 3788.54 3733.1 8051.99 13806.9 7268.45 4243.79 6666.35 10799 6260.03 3831.68 8437.92 5808.26 2070.84 0 1546.75 3633.1 2932.9 2672.33 2117.01 3011.02 5131.31 6561.76 5326.67 5405.11 4704.4 6583.15 7355.02 4552.82 5839.11 5340.79 9554.27 4582.18 3716.16 5248.79 10360.3 5871.72 3433.55 5483.35 6544.13 7919.43 4733.16 4410.42 5566.77 3148.93 1674.85 2972.38 4046.43 4316.56 3608.54 
1911.71 1946.88 2013.93 2036.27 2011.88 2005.01 1950.52 1906.64 1885.38 1724.08 1555.65 1730.37 1809.04 2834.66 4103.18 4052.68 3572.11 4702.4 5614.51 9227.07 7366.15 4483.06 5304.02 6782.83 9291.25 6410.43 2966.08 3017.72 8408.23 14312.1 7819.64 4783.27 7272.53 11352.7 6925.11 4148.08 8139.5 5907.02 3304.36 1546.75 0 1825.98 2876.66 2893.01 1948.12 2747.1 5287.67 6817.12 5656.41 4968.14 4647.08 6941.9 8252.5 4609.77 5356.48 5837.58 9491.97 5549.01 2740.35 5270.72 9399.58 6327.22 3213.29 4533.22 7391.62 9504.04 5562 3731.83 4478.36 3108.67 3057.11 4988.81 5425.38 4059.85 2741.62 
1438.02 1449.48 1492.56 1542.49 1507.13 1490.79 1468.25 1548.13 1670.8 1873.5 1771.73 1603.71 1537.84 1833.74 3694.57 4169.93 3368.22 3941.76 4100.15 8617.38 8031.96 5213.31 4457.09 5144.49 9143.3 6499.94 3549.89 1522.45 6245.45 12858.2 7387.9 3243.35 5331.42 10260.5 7654.69 4603.26 8053 5896.54 3819.12 3633.1 1825.98 0 1451.27 2841.21 2270.27 2209.43 4249.5 6464.76 5202.3 4872.12 2896.87 5909.63 8793.79 5930.84 4077.62 4946.75 9656.91 5793.98 3207.81 3022.41 8505.33 6452.81 4760.71 3403.5 5086.75 9056.11 6706.3 4948.07 4852.87 3472.04 3634.11 4780.43 5532.56 4073.56 1819.39 
1657.82 1676.57 1700.71 1746.08 1748.21 1736.56 1720.76 1686.34 1741.3 1739.48 1973.3 1890.66 1656.81 1185.96 1761.94 3017.9 3043.58 3758.92 2075.86 4624.5 5451.94 4334.26 5531.12 2707.43 5376.75 5043.62 3913.52 2361.82 3081 8327.19 4960.57 2444.21 2344.35 6375 6324.58 5199.78 7519.37 3990.22 2773.74 2932.9 2876.66 1451.27 0 1025.98 1708.35 1718.4 2392.09 4454.01 4360.09 4731.93 2414.39 3087.55 6449.36 5391.6 5456.83 2408.33 7455.16 4563.34 4455.08 2303.49 5346.64 5638.88 5453.98 5200.57 2242.45 4649.04 4248.85 4333.62 4708.96 2620.32 2011.47 1870.8 2138.34 2498.75 1977.64 
1797.86 1843.71 1872.51 1883.8 1901.5 1894.49 1876.83 1746.54 1787.37 1787.83 2023.03 2135.63 1996.89 2052.52 1738.65 2112.19 2825.23 4056.01 3441.23 4196.22 3364.34 3337.12 5481.74 4188.08 3613.27 3164.58 3156.37 3182.69 4536.44 6432.29 2328.2 2043.92 2786.51 4395.91 3639.2 5910.94 9611.17 3938.66 1598.34 2672.33 2893.01 2841.21 1025.98 0 770.586 1868.47 2647.94 3121.21 3674.09 4573.91 3257.09 3508.42 4672.41 4431.38 5849.6 3622.89 5175.44 3847.53 3909.27 4155.73 3858.71 3538.04 4784.5 6583.84 3701.07 3048.8 1980.97 3503.15 4556.36 2784.93 2751.69 2855.94 1760.7 1074.69 1484.85 
981.297 1015.76 1047.46 1052.75 1061.15 1061.93 1032.59 865.182 674.546 716.11 833.503 881.254 792.36 1389.64 2094.02 2006.57 2394.3 3779.33 3944.23 6029.41 3806.28 3259.38 5337.53 4998.18 5240.09 2790.87 2416.01 2577.48 6093.42 9294.63 3637.67 2806.7 4046.21 6177.04 3579.66 5828.24 11325.2 5827.35 1585.92 2117.01 1948.12 2270.27 1708.35 770.586 0 908.571 2798.07 3763.98 3420.83 4067.11 3223.07 4696.21 5141.74 4286.41 5751.28 4829.7 5561.62 3353.01 3195.47 4865.55 5627.2 2963.41 4126.25 6528.19 6124.35 5992.12 2614.63 2250.81 3069.54 2197.19 3073.49 3892 3128.27 1637.34 942.165 
1208.57 1216.89 1237.91 1243.42 1246.67 1241.37 1226.45 1161.67 949.954 936.006 1073.37 984.753 526.46 437.685 1567.81 2234.21 2195.71 2841.61 2496.97 5709.85 4950.31 3393.78 4789.4 3550.53 6265.51 3898.38 2462.12 2167.64 5021.49 10136.6 5343.4 3022.41 3455.79 6774.8 4666.2 5363.19 11429.4 7327.92 3177.74 3011.02 2747.1 2209.43 1718.4 1868.47 908.571 0 1352.68 3504.04 3271.35 3419.37 1697.21 3717.2 6020.09 4672.9 5093.11 3943.69 7157.64 3641.81 3707.38 3714.59 7011.27 4656.95 4583.59 6193.17 5760.14 7522.5 4619.22 2967.01 2885.32 1911.5 3268.25 4141.57 3820.77 2681.74 1389.22 
2889.88 2897.21 2894.71 2863.85 2887.96 2883.95 2877.88 2860.48 2791.88 2762.43 2979.73 2957.19 2554.54 1212.04 685.722 2203.2 3388.3 3532.67 1950.59 2745.12 4252.46 3969.84 6214.64 2094.78 4100.28 4926.07 3965.37 3847.59 2788.4 6727.41 5433.15 3997.23 1795.4 4592.6 4662.3 6493.09 11351.9 6774.21 4567.69 5131.31 5287.67 4249.5 2392.09 2647.94 2798.07 1352.68 0 1705.63 3133.76 3516.53 1544.7 1187.35 4586.37 5179.83 6593.7 2171.69 5889.44 4839.16 6148.11 4075.97 5417.51 6452.37 6580.49 8071.37 4801.44 5652.9 4478.43 3924.2 4012.16 2676.31 4485.11 4197.66 3254.71 3136.96 3010.64 
4339.53 4355.45 4363.04 4317.92 4343.49 4331.79 4337.85 4260.6 4357.84 4449.49 4693.97 4736.1 4481.61 3652.39 1311.96 1115.66 3479.2 3983.22 4523.84 2386.75 2499.56 3961.17 7044.8 5055 2388.97 4605.88 4608.27 6478.77 5405.43 5185.35 4633.8 4971.91 3577.04 4099.63 3892.76 8332.58 13117 6376.8 4653.92 6561.76 6817.12 6464.76 4454.01 3121.21 3763.98 3504.04 1705.63 0 2011.76 3107.67 3091.11 1962.84 2510.08 4868.34 7876.95 4401.76 3354.4 5637.03 7219.84 7812.45 4433.01 6381.28 7466.42 10561.6 7379.72 4834.47 3276.56 4200.49 5350.77 4479.21 6596.95 6024.55 3862.11 2916.8 3691.13 
3857.69 3857.73 3857.57 3859.99 3860.79 3848.16 3874.42 3747.96 3672.85 3789.95 4098.15 4108.01 3717.44 3391.54 2363.68 935.041 1149.44 3067.16 4576.12 5105.32 2500.46 2114.13 6943.75 6020.06 5201.51 2651.19 3297.72 5880.57 7013.62 8847.34 5569.88 5380.93 5295.12 7348.5 5671.13 7834.7 12989.8 7675.27 4998.5 5326.67 5656.41 5202.3 4360.09 3674.09 3420.83 3271.35 3133.76 2011.76 0 1738.54 3090.5 4055.27 2699.16 2944.92 7450.83 5638.51 5000.92 2487.09 6342.74 7524.12 7522.61 4248.5 5282.76 9965.57 8804.92 7761.67 4571.62 3389.15 3263.91 3152.5 5905.1 6166.52 5113.38 3839.3 3427.68 
4557.53 4574.34 4603.74 4610.61 4586.15 4551.58 4576.89 4517.82 4488.1 4564.67 4746.38 4708.58 4174 3762.28 2899.82 1961.15 1289.52 1208.37 4482.82 6159.38 5060.48 1594.68 4374.49 6729.17 7300.79 5599.39 1852.01 5699.28 8048.43 11035.9 7271.28 5112.92 6576.97 9617.35 7396.76 7371.26 11579 7922.39 6218.88 5405.11 4968.14 4872.12 4731.93 4573.91 4067.11 3419.37 3516.53 3107.67 1738.54 0 2119.89 4739.38 5134.75 1655.16 4942.87 5984.02 7626.18 4271.06 4026.5 7683.84 9643.47 7490.14 3485.33 7272.21 8858.98 9018.84 6241.41 4932.07 4736.25 3207.98 5410.9 6478.7 6251.28 5156.99 4499.8 
3347.99 3359.47 3392.39 3413.97 3399.22 3367.83 3376.97 3435.42 3362.92 3512.33 3696.9 3540.62 2851.2 1712.28 1913.24 2373.01 2348.62 1319.17 1478.81 4802.53 5442.59 3191.16 2854.5 3136.74 6736.77 5752.16 2989.7 2308.63 4692.26 9194.56 6444.02 2532.58 3252.02 7588.26 6454.39 5505.92 9851.02 6710.14 4973.66 4704.4 4647.08 2896.87 2414.39 3257.09 3223.07 1697.21 1544.7 3091.11 3090.5 2119.89 0 3060.19 5853.27 4039.8 2791.48 3517.49 7965.55 4953.84 3868.75 3222.2 8427.86 7291.85 4771.68 4319.68 4464.59 6908.14 5897.99 5441.29 5234.98 3076.11 3763.89 4109.99 4413.25 4145.38 3170.49 
4831.56 4843.34 4839.48 4798.97 4833.79 4833.69 4813.47 4688.13 4678.64 4706.75 5033.93 4973.09 4697.41 2914.23 1219.14 3146.67 5107.34 4925.4 2393.63 929.802 4093.23 5026.64 7952.48 1839.67 2551.56 6212.03 5687.4 5714.94 1683.93 4887 6096.45 5612.74 1772.57 3837.8 5438.47 7970.13 11385.5 5894.47 5279.81 6583.15 6941.9 5909.63 3087.55 3508.42 4696.21 3717.2 1187.35 1962.84 4055.27 4739.38 3060.19 0 3765.26 5762.25 8410.02 1118.49 4729.1 5941.43 8129.12 5277.52 3952.34 7769.44 7954.1 9498.22 4274.67 4071.46 4247.13 5075.8 5864.4 4330.48 5503.59 4153.58 3170.68 4152.18 4689.04 
6647.28 6671.22 6678.7 6598.47 6645.71 6655.91 6626.14 6302.6 6058.83 6251.12 6672.29 6819.2 6672.32 5844.46 3515.41 2520.85 5363.48 6674.92 6251.32 3372.88 593.913 4872.68 10129.1 6696.54 2419.89 2980.07 6512.87 8293.85 7115.78 4975.53 5497.26 7859.58 5312.35 4973.72 4725.11 11159.7 15840.2 7508.93 5144.75 7355.02 8252.5 8793.79 6449.36 4672.41 5141.74 6020.09 4586.37 2510.08 2699.16 5134.75 5853.27 3765.26 0 5380.81 10503.5 5996.06 1120.48 4394.29 9436.37 10632.1 5003.44 4024.58 8336.82 13138.6 9846.49 5493.53 2441.6 3761.41 5184.35 5687.56 8097.01 6834.51 4838.64 4625.92 5829.19 
5718.37 5758.53 5782.78 5807.84 5782.39 5747.61 5777.62 5582.05 5473.39 5455.11 5752.81 5965.46 5416.47 5155.4 4242.44 3190.4 2054.74 2734.43 5118.23 6437.8 5003.21 382.613 4891.79 7237.97 7313.21 4704.36 1296.81 6175.8 8457.11 11088 5788.18 5201.04 6962.76 9230.56 6800.59 7524.67 12165.5 7928.75 5843.08 4552.82 4609.77 5930.84 5391.6 4431.38 4286.41 4672.9 5179.83 4868.34 2944.92 1655.16 4039.8 5762.25 5380.81 0 5740.94 6120.56 8023.76 2599.44 3331.44 7939.6 9607.83 6209.05 1454.9 7021.57 8683.66 8219.6 5737.38 5380.97 5611.92 3914.33 5550.3 6626.29 6170.01 5187.76 5036.55 
7047.76 7101.17 7218.92 7289.03 7231.11 7172.82 7149.51 7167.41 6970.13 7220.05 7284.56 7032.71 6105.23 5503.15 6241.62 5940.15 4994.86 2436.95 4626.17 9791.38 9572.92 5551.53 297.237 6855.55 11763.7 9837.26 4284.5 2520.77 9856.75 14406.7 9242.09 3032.21 8585.15 13050.6 9063.3 5382.78 10302.6 8548.75 6508.54 5839.11 5356.48 4077.62 5456.83 5849.6 5751.28 5093.11 6593.7 7876.95 7450.83 4942.87 2791.48 8410.02 10503.5 5740.94 0 7350.79 12685.6 8674.44 2161.42 4572.71 13458.4 10495.4 4629.18 1277 6502.1 9996.06 9253.39 10264.1 10077.8 6513.61 5230.15 7173.05 8834.65 8058.36 6167.87 
5184.03 5210.56 5241.99 5239.98 5258.55 5259.66 5197.43 5007.85 4889.01 4844.08 5084.73 4974.79 4560.85 2667.46 1985.4 4491.82 5543.56 5110 1625.33 2551.93 6021.5 5535.07 7149.91 650.186 4672.21 7509.62 5905.19 4169.89 1502.2 7478.83 7348.4 5518.42 2393.24 6140.4 6668.64 6068.81 8647.9 5245.1 4954.43 5340.79 5837.58 4946.75 2408.33 3622.89 4829.7 3943.69 2171.69 4401.76 5638.51 5984.02 3517.49 1118.49 5996.06 6120.56 7350.79 0 7450.37 6224.12 7261.34 2970.67 5820.62 8511.77 7160.8 7339.56 2894.95 4798.37 5559.6 6281.96 6519.56 4057.99 3961.76 3284.85 3873.84 5693.41 5525.87 
7008.39 7032.85 7029.61 6919.37 6985.98 7005.05 6968.03 6604.18 6436.48 6795.23 7134.21 7226.32 7382.27 7017.72 4718.5 4069.69 7912.94 9286.61 8563.68 3995.26 1485.3 7504.03 12124.1 8311.75 1666.81 3879.81 8163.89 9407.49 7944.62 4218.61 5380.39 8950.53 5912.32 4136.51 4579.01 13700.2 18589.4 8167.18 5549.75 9554.27 9491.97 9656.91 7455.16 5175.44 5561.62 7157.64 5889.44 3354.4 5000.92 7626.18 7965.55 4729.1 1120.48 8023.76 12685.6 7450.37 0 6599.12 10641.4 12628.9 3118.43 4548.28 10974.5 15050.5 11158.5 5633.03 2227.96 4144.21 6274.37 7464.17 10286.9 8492.39 5533.24 4643.07 5940.18 
4528.18 4527.69 4502.4 4538.09 4545.09 4531.71 4582.53 4338.41 3981.93 3935.5 4540.42 4691.55 4143.38 3942.8 4181.07 3437.68 2438.36 5094.76 4755.1 6543.36 3392.3 1681.55 8222.62 6168.05 6409.47 1256.08 2756.33 5666.45 7206.2 10343 4656.54 5461.46 5413.79 7671.18 6295.07 8767.91 14784.5 9276.77 5032.69 4582.18 5549.01 5793.98 4563.34 3847.53 3353.01 3641.81 4839.16 5637.03 2487.09 4271.06 4953.84 5941.43 4394.29 2599.44 8674.44 6224.12 6599.12 0 5640.55 7059.08 8281.13 2365.42 3639.21 9841.28 8452.1 8423.03 4960.63 3573.44 3459.27 3212.08 5597.12 5924.5 5078.47 4254.09 3743.4 
4522.92 4566.01 4642.97 4709.79 4665.59 4622.71 4623.29 4595.63 4414.24 4439.49 4537.98 4560.23 3980.57 4358.17 5309.64 4867.55 3630.32 2891.32 5386.71 9304.77 8005.44 3329.5 1739.25 7451.35 9764.09 6890.08 1283.68 2776.7 9552 13893.3 6490.52 2669.15 7983.1 11307 7000.12 5268.66 10662.7 7582.79 4543.25 3716.16 2740.35 3207.81 4455.08 3909.27 3195.47 3707.38 6148.11 7219.84 6342.74 4026.5 3868.75 8129.12 9436.37 3331.44 2161.42 7261.34 10641.4 5640.55 0 5618.97 10565.5 7462.06 1779.82 2463.79 7230.64 9412.25 6836.45 6763.12 6985.17 4347.09 4208.41 6455.06 7069.8 5437.29 3880.94 
4927.43 4947.03 4978.74 5053.53 5042.44 5022.68 5017.66 5179.74 5079.8 5046.85 5225.54 5102.73 4442.42 3066.93 4469.91 6286.78 5731.14 5548.9 2282.71 7272.62 9305.51 6679.53 5147.29 2163.62 9475.81 8280.68 6174.51 1716.58 3523.76 11562.4 7868.11 3266.84 3668.94 9635.16 8949.4 4701.19 7886.31 6952.6 5796.56 5248.79 5270.72 3022.41 2303.49 4155.73 4865.55 3714.59 4075.97 7812.45 7524.12 7683.84 3222.2 5277.52 10632.1 7939.6 4572.71 2970.67 12628.9 7059.08 5618.97 0 9754.91 9090.64 7213.87 3793.01 2164.69 7618.59 8540.39 8386.2 7897.95 4706.16 3543.75 4195.43 5350.07 6235.13 5126.6 
6146.25 6166.67 6119.47 6034.2 6113.16 6125.08 6139.57 6019.61 6397.13 6453.5 6820.73 6914.92 7266.76 6844.35 4917.91 6023.44 9029.25 10871.3 8503.59 3552.32 4566.66 8553.43 12836.1 7085.98 1345.89 5942.26 8497.17 9193.24 4577.49 2493.92 3970.82 7479.53 3764.96 2158.42 5599.61 13263.2 16481.5 7050.62 6234.18 10360.3 9399.58 8505.33 5346.64 3858.71 5627.2 7011.27 5417.51 4433.01 7522.61 9643.47 8427.86 3952.34 5003.44 9607.83 13458.4 5820.62 3118.43 8281.13 10565.5 9754.91 0 6699.53 11955.8 14367.2 7001.32 3649.76 3711.97 6046.56 7819.52 7619.94 9769.28 7904.82 4192.86 3435.99 5451.55 
4374.74 4403.96 4398.88 4358.84 4385.33 4406.79 4390.43 4115.88 3824.36 4104.68 4382.04 4569.04 4582.68 5241.17 5671.96 4588.68 5059.22 8172.03 7765.56 8454.3 2973.64 4919.91 10316 8466.22 6121.89 840.206 5309.49 6265.77 9193.66 8922.33 3516.1 6383.16 6592.9 6487.58 4124.81 10376.4 17436.1 9616.74 3771.93 5871.72 6327.22 6452.81 5638.88 3538.04 2963.41 4656.95 6452.37 6381.28 4248.5 7490.14 7291.85 7769.44 4024.58 6209.05 10495.4 8511.77 4548.28 2365.42 7462.06 9090.64 6699.53 0 6629.45 12095.2 10488 7861.67 3455.36 3648.44 4065.61 5079.86 7896.34 8181.49 6047.37 3707.83 3390.37 
5342.71 5386.05 5447.17 5500.32 5444.6 5411.98 5407.84 5220.18 5058.91 5033.69 5223.01 5326.45 4773.53 5088.25 5542.51 4990.29 3064.16 3245.52 5610.53 9481.25 7788.34 1614 3963.62 8042.15 10437.6 6269.58 1046.89 4748.65 10327.4 15137.4 7134.92 4935.36 8696.28 11960.8 7472.96 5947.64 11380.1 8721.47 5371.02 3433.55 3213.29 4760.71 5453.98 4784.5 4126.25 4583.59 6580.49 7466.42 5282.76 3485.33 4771.68 7954.1 8336.82 1454.9 4629.18 7160.8 10974.5 3639.21 1779.82 7213.87 11955.8 6629.45 0 4760.73 8899.34 10337.7 7357.73 6633.72 6649.54 4348.98 4975.08 7232.3 7853.82 6267.95 4794.35 
7107.22 7155.98 7261.55 7368.71 7299.81 7247.43 7223.89 7326.49 7212.85 7385.92 7393.73 7199.84 6487.79 6003.75 7538.26 8012.32 6866.86 4598.43 5228.81 11250.5 12114.4 7176.98 1799.91 7074.96 13527.1 11729.8 5303.28 2400.78 9751.85 16616.1 10784.4 3646.13 8960.94 15087 11254 5007.06 8294.36 7988.82 7000 5483.35 4533.22 3403.5 5200.57 6583.84 6528.19 6193.17 8071.37 10561.6 9965.57 7272.21 4319.68 9498.22 13138.6 7021.57 1277 7339.56 15050.5 9841.28 2463.79 3793.01 14367.2 12095.2 4760.73 0 5539.21 11016.5 10484.1 11023.7 11200.1 7207.71 4700.26 6577.59 8993.6 8859.69 6741.44 
6595.28 6625.51 6648.78 6732.13 6750.36 6724.28 6734.06 6829.69 6951.31 6858.88 7295.94 7184.58 6621.64 4788.1 4593.58 7028.52 7368.11 6793.17 2812.03 4719.06 8534.47 7564.26 6834.02 2663.58 6670.26 9201.3 7716.41 4490.11 2621.47 7611.6 6402.14 3216.64 2720.94 7185.69 9333.59 6942.31 7657.86 4859.66 6036.5 6544.13 7391.62 5086.75 2242.45 3701.07 6124.35 5760.14 4801.44 7379.72 8804.92 8858.98 4464.59 4274.67 9846.49 8683.66 6502.1 2894.95 11158.5 8452.1 7230.64 2164.69 7001.32 10488 8899.34 5539.21 0 3534.87 7129.66 10114 10649.1 6389.42 3687.08 2680.22 3274.54 5575.18 6286.74 
8102.36 8168.3 8195.4 8192.77 8256.14 8254.96 8228.89 8118.58 8260.34 8321.72 8753.28 8841.63 8487.75 7118.61 4612.94 5863.1 8455.73 8455.14 5802.68 2840.22 4407.29 7360.71 9578.06 5485.62 2427.17 6734.38 8632.08 8374.01 4834.04 2779.55 2911.97 4699.02 3651.02 3443.94 5567.05 9832.04 11241.7 3891.6 4683.41 7919.43 9504.04 9056.11 4649.04 3048.8 5992.12 7522.5 5652.9 4834.47 7761.67 9018.84 6908.14 4071.46 5493.53 8219.6 9996.06 4798.37 5633.03 8423.03 9412.25 7618.59 3649.76 7861.67 10337.7 11016.5 3534.87 0 2692.86 9016.93 11276 7869.21 6220.03 4389.57 2496.19 4030.7 6956.66 
4597.45 4648.23 4672.65 4637.74 4689.4 4706.86 4662.21 4429.42 4242.56 4363.78 4661.78 4880.9 4760.35 4619.41 2974.97 2842.71 5632.46 6839.21 5939.73 3705.23 1557.35 5155.73 8832.61 6279.24 2114.92 2866.08 5561.44 6412.7 6647.7 5067.94 2726.67 4733.72 4487.24 4351 3395.12 8788.85 12465.1 4340.41 2170.93 4733.16 5562 6706.3 4248.85 1980.97 2614.63 4619.22 4478.43 3276.56 4571.62 6241.41 5897.99 4247.13 2441.6 5737.38 9253.39 5559.6 2227.96 4960.63 6836.45 8540.39 3711.97 3455.36 7357.73 10484.1 7129.66 2692.86 0 3143.29 5890.59 4794.82 5078.6 4256.94 2306.78 2203.24 3910.17 
2496.92 2509.01 2484.06 2424.3 2455.87 2469.25 2465.86 2260.57 1969.91 1910.77 2170.72 2491.47 2707.53 3166.16 3109.59 2513.61 3980.07 6586.26 6325.15 6198.67 3325.82 4740.31 10067.8 6931.56 5219.3 2934.12 4331.04 5823.36 7148.09 10000.2 6721.45 7075.98 5531.56 7550.22 6054.82 9757.65 15079 8528.76 4403.5 4410.42 3731.83 4948.07 4333.62 3503.15 2250.81 2967.01 3924.2 4200.49 3389.15 4932.07 5441.29 5075.8 3761.41 5380.97 10264.1 6281.96 4144.21 3573.44 6763.12 8386.2 6046.56 3648.44 6633.72 11023.7 10114 9016.93 3143.29 0 1354.08 2622.75 5671.88 5971.13 4445.69 3143.18 2960.45 
