0 3.08573 4.13824 9.7 205.176 2824.94 6090.52 885.904 1989.77 2242.59 938.727 1602.59 1272.1 1516.88 1546.02 956.489 906.112 1668.68 1554.85 1009.33 2577.47 777.692 1497.28 1144.52 1284.41 2060.34 1269.84 1275.22 2184.78 1080.34 1818.33 1858.74 1227.54 2906.27 1987.95 2779.28 1793.8 2017.81 1052.28 1505.02 3330.69 2970.48 2252.09 2099.85 1145.49 1299.46 1160 1475.72 2520.01 3152.84 2542.89 1087.35 1248.72 1082.87 2001.67 1910.3 2146.13 1513.65 1567.9 1034.8 1778.15 1575.69 1722.11 2180.63 1262.1 2126.86 377.538 513.461 
3.08573 0 5.21059 9.82602 210.485 2896.99 6111.11 867.289 1984.12 2224.08 934.22 1638.95 1307.86 1532.01 1587.46 985.677 930.011 1704.98 1611.92 1028.87 2621.64 819.512 1509.92 1171.08 1328.53 2057.73 1247.03 1295.43 2206.11 1093.07 1859.19 1905.34 1236.68 2948.02 2032.58 2754.09 1777.71 2069.21 1067.69 1527.51 3406.01 2991.03 2232.63 2108.58 1179.66 1312.6 1186.55 1516.46 2493.56 3123.47 2550.37 1120.62 1245.8 1097.06 2040.85 1948.07 2193.64 1567.58 1583.89 1059.33 1815.25 1634.81 1754.06 2225.94 1300.79 2150.45 395.774 526.621 
4.13824 5.21059 0 5.26457 186.375 2778.42 6290.69 929.566 2046.92 2285.22 901.037 1570.61 1288.85 1440.1 1479.19 985.248 889.702 1584.67 1566.59 979.673 2487.09 810.842 1508.13 1088.73 1275.45 2119.28 1247.18 1223.88 2217.12 1047.55 1730.45 1936.32 1227.06 2786.25 2047.35 2777.61 1711.82 1960.45 1082.89 1459.42 3236.76 3104.9 2288.43 2010.76 1103.58 1342.2 1110.58 1414.74 2625.86 3122.96 2433.35 1102.01 1253.84 1015.45 1929.37 1940.84 2061.91 1479.34 1622.77 1008.04 1697.24 1606.82 1693.11 2107.04 1325.41 2141.28 405.344 532.387 
9.7 9.82602 5.26457 0 184.077 2806.88 6460.74 989.102 2131.56 2346.56 871.394 1521.94 1294.3 1414.78 1414.12 1014.9 910.044 1547.56 1538.38 992.972 2392.31 800.421 1580.85 1077.48 1249.77 2198.66 1258.19 1190.56 2265.93 1066.96 1698.23 1978.92 1297.3 2748.45 2072.78 2814.78 1675.04 1908.61 1121.32 1487.22 3213.27 3186.47 2359.97 1970.7 1065.21 1409.64 1122.77 1383.59 2679.56 3129.73 2355.13 1055.58 1329.46 991.076 1828.98 1971.78 2037.9 1417.39 1695.71 1020.34 1659.75 1587.68 1731.6 2026.11 1340.52 2231.29 430.881 555.096 
205.176 210.485 186.375 184.077 0 2147.15 7103.33 1178.56 2058.49 2208 766.91 1425.22 1428.84 1408.36 1315.3 848.805 860.87 1526.95 1675.83 1073.13 2371.3 774.355 1329.64 884.156 1023.81 2194.2 1382.4 1019.03 2009.9 923.518 1408.92 1832.38 1097.15 2251.42 2068.1 2782.63 1479.92 1678.34 945.677 1114.7 2639.76 3488.72 2510.43 1792.03 978.942 1245.23 943.64 1252.13 3087.32 3187.77 2104.88 1013.65 1201.09 1094.99 1734.34 2035.27 1903.78 1333.69 1521.82 983.099 1517.88 1576.41 1656.68 2100.56 1424.39 2140.03 639.578 840.665 
2824.94 2896.99 2778.42 2806.88 2147.15 0 10033.5 3597.29 3243.7 3076.91 2256.95 2771.17 2842.65 2974.38 2687.54 1974.63 1775.63 3505.73 3733.21 2937.26 4002.75 2200.81 1977.43 1516.39 1526.89 3264.02 3214.06 1826 2376.12 1604.27 2015.21 2587.66 1837.22 2020.98 2316.37 3721.88 3310.87 1929.57 2094.79 1137.61 1116.17 5200.72 4493.61 2608.35 1853.62 2586.15 1466.12 1750.34 5881.75 4857.87 3376.52 1980.26 2135.55 3087.01 3683.28 3472.86 2609.47 2595.94 2663.09 1881.35 3246.42 2944.33 2783.38 3794.79 3567.64 3215.76 2583.11 3356.85 
6090.52 6111.11 6290.69 6460.74 7103.33 10033.5 0 4646.01 5092.55 5819.9 8465.17 10097.4 7998.8 10737.2 11093 5494.95 8091.24 11044 7821.77 8838.18 14263 6911.75 6429.12 9497.37 7395.21 3795.46 7000.48 8685.12 5433.92 8368 10976.3 4238.32 6764.48 12754.4 4222.41 6974.57 10350.5 9718.82 5497.47 8814.18 11763.9 2773.52 5372.35 11010.5 8980.23 4669.02 9176.79 9808.23 2423.43 8936.33 11777.2 6618.44 6119.76 9698.58 12075.2 7222.61 11810.6 10469 5402.17 8667.62 10814.4 7520.03 9304.11 12624.2 4944.47 6922.37 5523.29 7221.25 
885.904 867.289 929.566 989.102 1178.56 3597.29 4646.01 0 1658.09 1872.22 2246.48 3587.12 2318.8 2805.7 3498.93 1480.94 1838.27 3620.15 3096.73 1953.06 4907.93 2009.12 1515.61 2478.92 2523.38 1420.72 1752.11 2125.33 2022.59 1982.73 3524.98 2072.45 1215.43 4433.21 2041.15 2430.03 3403.95 3634.91 1225.98 2328.01 4852.06 2231.21 1922.84 3615.06 2570.44 1220.02 2148.71 2856.63 2025.24 3638.78 4194.45 1988.81 1105.95 2563.16 4333.54 2375.54 3776.21 3634.14 1458.18 2184.64 3665.77 2766.2 2420.28 4281.43 2145.49 2252.27 1096.59 1372.55 
1989.77 1984.12 2046.92 2131.56 2058.49 3243.7 5092.55 1658.09 0 708.057 2754.91 3809.09 2171.38 4445.63 4880.6 1072.53 2158.63 5704.38 3608.68 3027.52 7229.64 1616.71 1029.28 3474.87 2439.64 1440.99 3455.57 3022.26 1187.03 2400.74 4894.23 1170.3 1537.07 6384.59 1954.46 2955.7 4900.15 4893.47 1354.07 2626.08 5303.49 1385.45 2767.82 5498.44 3566.39 1295.63 3175.72 4261.92 2436.58 4858.55 6508.46 2684.34 1159.81 4822.36 6245.12 2602.63 5003.58 4406.72 796.074 2544.02 5455.71 2926.74 2912.91 6300.27 1823.05 1448.02 1560.09 1776.37 
2242.59 2224.08 2285.22 2346.56 2208 3076.91 5819.9 1872.22 708.057 0 2336.2 4261.52 2951.48 4627.12 5249.29 1488.92 1558.88 5984.69 4388.5 3535.24 7389.09 2183.39 651.028 3122.32 2658.36 1067.16 2719.08 3053.51 1224.97 1705.5 5029.4 1766.31 1044.47 6065.73 2118.95 1733.05 3916.1 4856.68 1495.96 1840.37 5066.68 2327.58 1578.58 4551.54 3756.87 1451.82 2588.78 4320.48 2554.26 3094.5 6005.14 2637.77 809.429 4609.71 6387.88 3089.55 5336.64 4864.23 1184.86 1918.66 5884.7 3383.96 3370.96 6768.61 2539.9 1534.77 2046.97 2446.42 
938.727 934.22 901.037 871.394 766.91 2256.95 8465.17 2246.48 2754.91 2336.2 0 1167.56 1775.99 1678.79 1558.6 1417.68 913.516 1678.61 2191.16 1767.74 2431.03 1215.29 1795.43 624.669 1177.58 2741.81 1506.39 1291.24 2604.19 860.876 1372.02 2442.48 1648.51 2424.26 2465.54 2756.65 1017.57 1579.32 1385.78 1248.22 2105.76 4704.81 2817.72 1397.33 1050.92 1963.76 1143.24 1515.33 3717.37 2721.09 1936.39 1171.81 1722.57 1187.44 1963.38 2567.43 1956.74 1540.19 2197.03 882.904 1707.62 1840.14 2295.55 2278.89 2100.82 2846.61 1093.36 1584.75 
1602.59 1638.95 1570.61 1521.94 1425.22 2771.17 10097.4 3587.12 3809.09 4261.52 1167.56 0 1325.25 1881.65 773.46 1838.47 2106.81 1744.91 1149.31 1596.67 1992.67 1017.45 3042.63 1823.5 1203.68 4590.26 3749.46 2004.68 3621.28 2360.42 1431.46 2587.07 3003.66 3087.78 3330.26 5428.33 2955.32 1400.61 2256.65 2780.44 2326.15 5558.56 5525.51 3170.8 962.221 2814.33 2389.03 1727.68 5653.77 5760.4 3016.72 1442.47 3120.69 2091.53 1076.57 2075.23 1584.85 582.57 2875.66 2157.37 1357.72 1067.48 2215.6 1512.09 1687.71 3455.63 1404.27 1608.17 
1272.1 1307.86 1288.85 1294.3 1428.84 2842.65 7998.8 2318.8 2171.38 2951.48 1775.99 1325.25 0 2062.5 2235.91 1201.16 1545.94 2751.11 1197.15 819.95 3325.06 946.459 1758.77 2167.4 2093.22 3182.16 3720.61 2564.36 2491.22 2032.37 2735.99 1949.55 1878.15 4345.62 3080.4 4636.51 4107.01 3079.02 1621.29 2565.48 3776.9 3634.04 4589.96 4141.28 2046.44 1778.8 2221.26 2743.02 4473.36 6017.96 4688.49 2047.18 1754.02 2562.83 3072.99 622.991 1981.23 1876.02 1530.03 1793.67 2762.46 874.169 1117.75 2697.23 1391.26 1802.59 798.869 813.033 
1516.88 1532.01 1440.1 1414.78 1408.36 2974.38 10737.2 2805.7 4445.63 4627.12 1678.79 1881.65 2062.5 0 1241.77 2929.81 1888.99 1575.51 2793.14 763.794 1115.17 2314.57 3245.06 1255.72 2420.05 4877.67 2945.03 1673.93 4373.22 1806.55 1548.1 4283.61 2169.13 1676.58 4039.89 4690.8 2811.23 2065.1 3027.33 2113.93 2742.34 6571.06 5084.2 2391.1 1325.58 3462.71 1204.63 1542.36 6032.11 5337.18 1979.62 2322 2781.79 689.188 1746.21 2931.01 330.961 1542.18 3850.04 1840.43 1694.45 2922.8 1006.28 993.074 3629.11 4148.35 1627.92 1781.4 
1546.02 1587.46 1479.19 1414.12 1315.3 2687.54 11093 3498.93 4880.6 5249.29 1558.6 773.46 2235.91 1241.77 0 2520.88 2236.14 798.235 1866.05 1633.74 778.011 1613.88 3596.84 1309.94 1280.43 5075.36 3032.63 1258.14 4168.67 2277.31 496.334 3632.96 3203.34 1443.75 3417.69 5208.38 2342.97 637.394 2844.71 2498.03 1644 6315.19 5481.53 2100.15 457.1 3532.42 1866.34 562.147 6086.55 5217.52 1511.18 1485.91 3448.99 1159.53 448.671 3157.91 1129.36 314.751 3979.03 2120.42 457.256 2107.79 2468.52 421.405 2785.65 4356.65 1809.64 2088.2 
956.489 985.677 985.248 1014.9 848.805 1974.63 5494.95 1480.94 1072.53 1488.92 1417.68 1838.47 1201.16 2929.81 2520.88 0 1303.63 3109.84 1501.86 1887.52 4552.02 759.614 776.017 1944.22 1082.59 1116.04 2483.58 1752.19 575.897 1579.94 2605.22 455.717 1285.97 3944.19 1303.29 2552.08 3026.12 2389.07 241.552 1711.22 2944.38 1888.08 2622.96 3348.35 1881.41 341.606 2000.65 2341.36 2193.87 3978.67 3928.57 1011.29 914.271 2858.58 3324.12 1279.23 3092.92 2340.18 373.142 1648.14 2893.25 857.04 2199.2 3853.27 681.217 1408.22 883.78 1352.6 
906.112 930.011 889.702 910.044 860.87 1775.63 8091.24 1838.27 2158.63 1558.88 913.516 2106.81 1545.94 1888.99 2236.14 1303.63 0 2351.06 2667.64 1436.85 3047.35 1250.16 925.895 765.399 1664.41 2162.37 1345.77 1637.01 2144.9 130.326 2073.64 2468.13 543.917 2763.21 2455.21 2148.25 1672.27 2391.97 1289.91 370.296 2727.43 4011.94 1779.96 1652.48 1538.03 1658.08 410.425 1698.99 3704.35 2248.72 3056.61 1679.64 866.763 1448.83 2936.95 2338.72 2257.98 2028.23 1667.17 91.4134 2635.67 2100.71 1645.82 2915.11 2388.96 1807.53 1026.52 1219.42 
1668.68 1704.98 1584.67 1547.56 1526.95 3505.73 11044 3620.15 5704.38 5984.69 1678.61 1744.91 2751.11 1575.51 798.235 3109.84 2351.06 0 2153.99 1957.92 1023.95 2507.99 3981.59 1175.46 2298.14 5413.01 2746.55 1902.59 5010.73 2355.14 482.517 4703.7 3469.08 1456.58 4368.91 5447.96 1956.83 1464.89 3335.84 2592.28 2123.26 7125.34 5252.47 1778.89 1291.55 4015.71 1964.87 1155.66 6444.35 4980.53 1506.62 2538.44 3786.15 854.578 1121.14 3730.1 1551.48 1329.4 4627.45 2134.76 231.776 2860.61 2869.49 816.388 3372.44 4495.37 2093.65 2518.09 
1554.85 1611.92 1566.59 1538.38 1675.83 3733.21 7821.77 3096.73 3608.68 4388.5 2191.16 1149.31 1197.15 2793.14 1866.05 1501.86 2667.64 2153.99 0 1610.54 3412.18 1425.49 2977.01 2864.23 1991.01 4035.81 4488.95 2802.06 3026.63 3307.92 2536.28 2024.29 3359.8 4461.97 3252.53 6053.33 4461.44 2744.96 2339.36 3736.94 3573.13 4032.82 5632.53 4716.8 2332.74 2498.79 3364.13 2976.76 5192.36 6911.77 4442.34 1911.17 3283.8 2973.73 2352.33 1235.38 2376.74 1914.16 2606.01 2939.64 2122.85 615.253 2354.77 2549.9 777.093 2368.04 1290.04 1468.85 
1009.33 1028.87 979.673 992.972 1073.13 2937.26 8838.18 1953.06 3027.52 3535.24 1767.74 1596.67 819.95 763.794 1633.74 1887.52 1436.85 1957.92 1610.54 0 2165.3 1588.82 2102.51 1668.42 2355.9 3722.76 3184.77 2164.68 3312.44 1745.43 2105.86 3021.33 1490.45 2953.33 3676.8 4732.11 3519.44 2737.48 2174.76 2158.68 3486.16 4731.89 4614.53 3431.06 1759.81 2319.54 1513.05 2139.37 5115.83 5871.55 3479.56 2328.34 1889.77 1440.03 2395.16 1335.86 950.211 1689.25 2338.4 1675.65 2077.71 1798.95 314.998 1752.76 2228.55 2257.78 840.868 770.255 
2577.47 2621.64 2487.09 2392.31 2371.3 4002.75 14263 4907.93 7229.64 7389.09 2431.03 1992.67 3325.06 1115.17 778.011 4552.02 3047.35 1023.95 3412.18 2165.3 0 3077.36 5467.89 1601.34 2985.79 7494.28 3841.31 2340.81 6687.03 2974.78 1123.26 6197.07 4350.35 1425.88 5567.92 6924.42 2919.05 1793.8 4682.89 3319.87 2749.8 9209.64 7076.32 2230.4 1417.84 5578.33 2153.91 1379.5 8442.58 6310.17 1584.66 2957.03 5052.13 992.197 946.829 4724.66 1132.76 1127.67 6105.17 2746.02 1111.43 3773.91 3014.59 237.56 5043.27 6495.21 2932.39 3075.72 
777.692 819.512 810.842 800.421 774.355 2200.81 6911.75 2009.12 1616.71 2183.39 1215.29 1017.45 946.459 2314.57 1613.88 759.614 1250.16 2507.99 1425.49 1588.82 3077.36 0 1588.04 1564.91 647.216 2542.62 2617.46 1459.08 1916.42 1515.72 2060.87 1101.98 1745.55 3567.26 1508.63 3654.27 2809.84 1946.32 1132.08 1849.31 2901.23 2664.49 3407.16 3095.58 1114.75 1518.66 1788.86 1743.09 3208.73 4438.2 3572.98 834.617 1726.07 2306.66 2200.32 1788.49 2455.25 1079.31 1365.52 1346.88 2242.2 1088.81 2002.24 2562.63 842.035 2174.66 640.532 828.176 
1497.28 1509.92 1508.13 1580.85 1329.64 1977.43 6429.12 1515.61 1029.28 651.028 1795.43 3042.63 1758.77 3245.06 3596.84 776.017 925.895 3981.59 2977.01 2102.51 5467.89 1588.04 0 2006.95 2019.64 848.929 2391.08 2327.01 801.488 1142.28 3269.43 1453.25 469.67 4279.77 2059.66 1643.31 3125.23 3458.29 772.587 1136.51 3483.94 2595.4 1724 3442.9 2706.22 710.013 1650.49 2928.61 2898.45 3189.2 4683.04 2113.48 163.137 3218.66 4765.41 1702.63 3586.5 3477.16 630.444 1265 3897.66 2169.82 2056.75 4897.04 1913.2 791.135 1389.21 1774.47 
1144.52 1171.08 1088.73 1077.48 884.156 1516.39 9497.37 2478.92 3474.87 3122.32 624.669 1823.5 2167.4 1255.72 1309.94 1944.22 765.399 1175.46 2864.23 1668.42 1601.34 1564.91 2006.95 0 1350.2 3206.98 1200.57 1083.03 3088.92 555.716 774.43 3240.95 1454.52 1091.18 2639.1 2890.3 1008.09 1267.38 1824.25 671.277 1482.3 5353.78 2971.96 706.602 826.628 2494.91 421.981 759.048 4584.2 2778.56 1369.51 1544.83 1837.04 600.724 1925.12 3247.02 1492.98 1390.51 2811.58 601.652 1361.58 2659.44 2131.55 1669.64 3097.18 3252.56 1380.28 1905.96 
1284.41 1328.53 1275.45 1249.77 1023.81 1526.89 7395.21 2523.38 2439.64 2658.36 1177.58 1203.68 2093.22 2420.05 1280.43 1082.59 1664.41 2298.14 1991.01 2355.9 2985.79 647.216 2019.64 1350.2 0 2608.59 2253.25 627.818 1887.47 1640.49 1357.12 1420.58 2154.21 2366.52 1014.05 3238.23 2189.4 817.386 1385.22 1659.67 1466.23 3504.3 3572.14 2234.25 568.968 1893.75 1741.43 977.447 3424.79 3854.8 2201.42 413.738 2134.44 2190.82 1690.36 2847.06 2489.59 1038.66 2165.78 1687.21 1793.93 1739.05 2840.88 2511.03 1597.04 3071.97 1322.69 2033.01 
2060.34 2057.73 2119.28 2198.66 2194.2 3264.02 3795.46 1420.72 1440.99 1067.16 2741.81 4590.26 3182.16 4877.67 5075.36 1116.04 2162.37 5413.01 4035.81 3722.76 7494.28 2542.62 848.929 3206.98 2608.59 0 2293.9 3006.05 688.943 2245.52 4666.92 1361.26 1476.94 5747.17 1410.16 1097.56 3852.35 4137.22 817.601 2325.93 4752.14 1582.66 1283.11 4222.31 3657.41 658.911 2948.22 3866.95 1151.01 2997.91 5418.53 2192.53 774.779 4326.89 6229.51 2843.78 5623.36 5015.09 963.082 2573.82 5269.72 3112.42 3987.62 6692.32 2275.66 2131.28 2106.6 3014.25 
1269.84 1247.03 1247.18 1258.19 1382.4 3214.06 7000.48 1752.11 3455.57 2719.08 1506.39 3749.46 3720.61 2945.03 3032.63 2483.58 1345.77 2746.55 4488.95 3184.77 3841.31 2617.46 2391.08 1200.57 2253.25 2293.9 0 1725.99 3250.34 1018.62 2457.2 3741.05 1782.19 2710.35 2508.18 1746.85 920.217 2510.09 2030.64 1256.09 3596.05 4627.97 1300.77 941.707 1854.5 2472.59 1135.73 1713.35 2602.69 1258.06 2152.27 2019.24 1865.12 1427.84 3399.24 4764.92 4044.57 3133.1 3128.87 1246.29 2998.26 4127.12 4030.05 3815.61 3787.55 4089.38 2099.13 2671.38 
1275.22 1295.43 1223.88 1190.56 1019.03 1826 8685.12 2125.33 3022.26 3053.51 1291.24 2004.68 2564.36 1673.93 1258.14 1752.19 1637.01 1902.59 2802.06 2164.68 2340.81 1459.08 2327.01 1083.03 627.818 3006.05 1725.99 0 2384.18 1470.65 1155 2573.62 2089.47 1692.49 1571.79 2805.05 1760.32 924.662 1869.43 1507.92 1487.67 4317.29 3391.97 1548.81 590.645 2485.26 1317.14 671.616 3945.07 3272.05 1310.94 789.127 2158.45 1520.46 1728.89 3444.12 2046.19 1538.23 2910.42 1566.81 1623.15 2667.71 2668.66 2104.99 2811.55 3625.4 1697.46 2215.16 
2184.78 2206.11 2217.12 2265.93 2009.9 2376.12 5433.92 2022.59 1187.03 1224.97 2604.19 3621.28 2491.22 4373.22 4168.67 575.897 2144.9 5010.73 3026.63 3312.44 6687.03 1916.42 801.488 3088.92 1887.47 688.943 3250.34 2384.18 0 2352.8 4020.98 765.215 1708.58 5124.4 1226.94 1925.48 4281.34 3511.25 730.58 2281.98 3645.11 1641.25 2551.68 4481.67 3199.84 656.091 2959.4 3465.63 2284.2 4010.39 5110.1 1711.72 1008.02 4486.07 5421.32 2089.77 4605.22 4192.66 733.932 2538.79 4648.08 2097.99 3349.89 5799.3 1732.6 1653.19 2055.04 2798.89 
1080.34 1093.07 1047.55 1066.96 923.518 1604.27 8368 1982.73 2400.74 1705.5 860.876 2360.42 2032.37 1806.55 2277.31 1579.94 130.326 2355.14 3307.92 1745.43 2974.78 1515.72 1142.28 555.716 1640.49 2245.52 1018.62 1470.65 2352.8 0 1873.38 2797.75 605.791 2276.48 2418.67 1928.93 1286.83 2182.87 1409.25 160.762 2443.57 4426.19 1763.23 1222.02 1408.57 1849.57 236.565 1489.42 3677.49 1939.64 2586.34 1716.8 979.901 1292.41 2960.01 2972.27 2301.43 2124.48 1974.65 103.38 2604.84 2667 1933.86 2944.81 2906.42 2357.8 1272.1 1641.94 
1818.33 1859.19 1730.45 1698.23 1408.92 2015.21 10976.3 3524.98 4894.23 5029.4 1372.02 1431.46 2735.99 1548.1 496.334 2605.22 2073.64 482.517 2536.28 2105.86 1123.26 2060.87 3269.43 774.43 1357.12 4666.92 2457.2 1155 4020.98 1873.38 0 3830.65 2902.34 711.761 3275.76 4577.97 1680.83 562.776 2728.74 1850.17 809.149 6598.26 4934.14 1337.63 616.145 3458.64 1502.88 434.35 6041.2 4457.88 999.2 1785.17 3164.37 1072.1 1092.43 3715.21 1448.56 940.046 4005.36 1848.85 259.523 2755.53 2775.58 909.564 3322.57 4286.68 2051.95 2748.75 
1858.74 1905.34 1936.32 1978.92 1832.38 2587.66 4238.32 2072.45 1170.3 1766.31 2442.48 2587.07 1949.55 4283.61 3632.96 455.717 2468.13 4703.7 2024.29 3021.33 6197.07 1101.98 1453.25 3240.95 1420.58 1361.26 3741.05 2573.62 765.215 2797.75 3830.65 0 2135.43 5457.27 919.436 3495.71 4635.53 3102.85 797.646 2900.94 3734.67 1178.24 3472.32 5010.44 2715.63 797.4 3332.98 3398 2175.31 5311.07 5370.89 1242.23 1738.34 4429.58 4617.46 1769.66 4332.92 3253.08 802.497 2887.51 4169.79 1277.57 3192.81 5208.47 628.96 2021.45 1397.71 2201.31 
1227.54 1236.68 1227.06 1297.3 1097.15 1837.22 6764.48 1215.43 1537.07 1044.47 1648.51 3003.66 1878.15 2169.13 3203.34 1285.97 543.917 3469.08 3359.8 1490.45 4350.35 1745.55 469.67 1454.52 2154.21 1476.94 1782.19 2089.47 1708.58 605.791 2902.34 2135.43 0 3293.54 2329.42 1949.69 2670.67 3161.19 1097.07 616.709 3419.74 3371.22 1726.96 2670.43 2231.38 1118.28 810.583 2416.15 3199.18 2991.29 3888.81 2107 334.116 2175.12 4127.25 2144.01 2756.11 3055.76 1184.48 845.011 3576.67 2597.76 1378.44 4020.75 2490.12 1466.63 1166.41 1522.86 
2906.27 2948.02 2786.25 2748.45 2251.42 2020.98 12754.4 4433.21 6384.59 6065.73 2424.26 3087.78 4345.62 1676.58 1443.75 3944.19 2763.21 1456.58 4461.97 2953.33 1425.88 3567.26 4279.77 1091.18 2366.52 5747.17 2710.35 1692.49 5124.4 2276.48 711.761 5457.27 3293.54 0 4254.15 5035.71 2101.95 1214.34 3892.37 1932.98 1212.82 8533.06 5697.06 1260.83 1370.44 4604.96 1471.23 855.078 7414.82 4886.01 807.698 2723.72 3940.4 1229.14 1847.87 5345.82 1759.85 1976.02 5442.75 2512.78 1382.14 4516.25 3403.23 1565.99 5343.77 5797.19 3399.77 4191.82 
1987.95 2032.58 2047.35 2072.78 2068.1 2316.37 4222.41 2041.15 1954.46 2118.95 2465.54 3330.26 3080.4 4039.89 3417.69 1303.29 2455.21 4368.91 3252.53 3676.8 5567.92 1508.63 2059.66 2639.1 1014.05 1410.16 2508.18 1571.79 1226.94 2418.67 3275.76 919.436 2329.42 4254.15 0 2499.35 3798.06 2266.47 1391.94 2438.92 2945.3 1553.64 2763.45 3655.21 2070.53 1642.71 2771.07 2390.52 1820.54 3869.91 3989.08 803.115 2062.97 3706.71 4333.74 3329.04 4366.5 3214.69 2013.7 2601.61 3918.53 2693.17 3993.25 4767.98 1888.73 3288.71 1753.53 2943.86 
2779.28 2754.09 2777.61 2814.78 2782.63 3721.88 6974.57 2430.03 2955.7 1733.05 2756.65 5428.33 4636.51 4690.8 5208.38 2552.08 2148.25 5447.96 6053.33 4732.11 6924.42 3654.27 1643.31 2890.3 3238.23 1097.56 1746.85 2805.05 1925.48 1928.93 4577.97 3495.71 1949.69 5035.71 2499.35 0 2765.63 4101.76 1911.27 1998.83 4642.77 3974.39 795.551 2943.95 3658.78 2154.54 2533.03 3552.02 2343.71 1246.45 4400.22 2851.49 1313.6 3832.49 6158.27 4859.79 5765.07 5314.88 2599.78 2255.44 5437.79 4842.14 4948.96 6555.97 4526.32 3786.8 3354.35 4184.65 
1793.8 1777.71 1711.82 1675.04 1479.92 3310.87 10350.5 3403.95 4900.15 3916.1 1017.57 2955.32 4107.01 2811.23 2342.97 3026.12 1672.27 1956.83 4461.44 3519.44 2919.05 2809.84 3125.23 1008.09 2189.4 3852.35 920.217 1760.32 4281.34 1286.83 1680.83 4635.53 2670.67 2101.95 3798.06 2765.63 0 1929.63 2642.17 1466.91 2789.52 6975.6 2668.92 454.771 1643.17 3376.01 1358.48 1560.59 4505.51 1681.49 1335.56 2268.81 2812.32 1267.77 2258.67 5252.72 3573.33 2462.56 4081.55 1425.32 2089.77 4056.43 4388.64 3192.25 4273.64 4927.8 2854.64 3387.36 
2017.81 2069.21 1960.45 1908.61 1678.34 1929.57 9718.82 3634.91 4893.47 4856.68 1579.32 1400.61 3079.02 2065.1 637.394 2389.07 2391.97 1464.89 2744.96 2737.48 1793.8 1946.32 3458.29 1267.38 817.386 4137.22 2510.09 924.662 3511.25 2182.87 562.776 3102.85 3161.19 1214.34 2266.47 4101.76 1929.63 0 2448.86 2159.28 809.843 5898.62 4738.44 1488.87 345.244 3173.96 1860.52 375.71 5075.71 4178.79 1035.16 970.14 3282.52 1552.48 1027.66 3848.4 2012.8 846.613 3925.9 2270.77 913.256 2526.46 3476.66 1471.06 3126.12 4916.26 2246.76 3276.03 
1052.28 1067.69 1082.89 1121.32 945.677 2094.79 5497.47 1225.98 1354.07 1495.96 1385.78 2256.65 1621.29 3027.33 2844.71 241.552 1289.91 3335.84 2339.36 2174.76 4682.89 1132.08 772.587 1824.25 1385.22 817.601 2030.64 1869.43 730.58 1409.25 2728.74 797.646 1097.07 3892.37 1391.94 1911.27 2642.17 2448.86 0 1552.94 3108.81 2197.99 2093.16 2927.14 1967.85 189.195 1843.03 2342.86 1773.33 3249.27 3747.47 1086.58 725.217 2719.93 3604.52 1645.3 3454.15 2713.01 340.555 1622.46 3133.26 1288.47 2506.75 4148.86 1265.08 1903.27 1095.44 1691.53 
1505.02 1527.51 1459.42 1487.22 1114.7 1137.61 8814.18 2328.01 2626.08 1840.37 1248.22 2780.44 2565.48 2113.93 2498.03 1711.22 370.296 2592.28 3736.94 2158.68 3319.87 1849.31 1136.51 671.277 1659.67 2325.93 1256.09 1507.92 2281.98 160.762 1850.17 2900.94 616.709 1932.98 2438.92 1998.83 1466.91 2159.28 1552.94 0 2080.05 4760.53 1989.49 1252.42 1584.35 1956.86 276.947 1490.81 4110.54 2163.73 2590.3 1887.2 1061.03 1626.09 3196.76 3402.88 2528.52 2406.99 2157.93 369.14 2768.08 3039.51 2195.48 3326.08 3267.71 2507.24 1729.55 2247.58 
3330.69 3406.01 3236.76 3213.27 2639.76 1116.17 11763.9 4852.06 5303.49 5066.68 2105.76 2326.15 3776.9 2742.34 1644 2944.38 2727.43 2123.26 3573.13 3486.16 2749.8 2901.23 3483.94 1482.3 1466.23 4752.14 3596.05 1487.67 3645.11 2443.57 809.149 3734.67 3419.74 1212.82 2945.3 4642.77 2789.52 809.843 3108.81 2080.05 0 7019.51 5758.69 2077.85 1359.44 3901.03 2135.04 1118.3 6931.08 5083.92 1831.08 2001.09 3666.85 2609.21 2488.76 4462.97 2222.86 2083.24 4401.38 2570.28 1690.12 3338.26 3716.79 2501.39 4193.23 4828.2 3213.91 4386.35 
2970.48 2991.03 3104.9 3186.47 3488.72 5200.72 2773.52 2231.21 1385.45 2327.58 4704.81 5558.56 3634.04 6571.06 6315.19 1888.08 4011.94 7125.34 4032.82 4731.89 9209.64 2664.49 2595.4 5353.78 3504.3 1582.66 4627.97 4317.29 1641.25 4426.19 6598.26 1178.24 3371.22 8533.06 1553.64 3974.39 6975.6 5898.62 2197.99 4760.53 7019.51 0 3459.08 7450.3 5033.43 2082.29 5288.02 5558.85 1730.89 6194.66 8264.6 3113.22 2745.48 6539.14 7891.46 3484.58 7106.13 5961.21 1858.17 4472.09 6838.24 3608.82 5025.53 7858.13 1974.99 2826.34 2496.83 3192.16 
2252.09 2232.63 2288.43 2359.97 2510.43 4493.61 5372.35 1922.84 2767.82 1578.58 2817.72 5525.51 4589.96 5084.2 5481.53 2622.96 1779.96 5252.47 5632.53 4614.53 7076.32 3407.16 1724 2971.96 3572.14 1283.11 1300.77 3391.97 2551.68 1763.23 4934.14 3472.32 1726.96 5697.06 2763.45 795.551 2668.92 4738.44 2093.16 1989.49 5758.69 3459.08 0 3096.16 3919.37 2169.54 2432.19 3904.45 1989.58 892.382 5009.25 3179.87 1429.08 3651.82 6237.1 4853.14 6295.72 5324.88 2588.73 1925.28 5485.66 4727 5007.43 6719.38 3961 3257.19 2802.38 3469 
2099.85 2108.58 2010.76 1970.7 1792.03 2608.35 11010.5 3615.06 5498.44 4551.54 1397.33 3170.8 4141.28 2391.1 2100.15 3348.35 1652.48 1778.89 4716.8 3431.06 2230.4 3095.58 3442.9 706.602 2234.25 4222.31 941.707 1548.81 4481.67 1222.02 1337.63 5010.44 2670.43 1260.83 3655.21 2943.95 454.771 1488.87 2927.14 1252.42 2077.85 7450.3 3096.16 0 1358.35 3730.87 927.953 1022.55 5200.87 1978.05 931.154 2171.89 2978.92 918.605 2159.14 5421.95 3015.88 2310.07 4562.61 1378.31 1994.96 4283.33 4239.07 2603.24 4975.2 5479.23 2969.71 3717.48 
1145.49 1179.66 1103.58 1065.21 978.942 1853.62 8980.23 2570.44 3566.39 3756.87 1050.92 962.221 2046.44 1325.58 457.1 1881.41 1538.03 1291.55 2332.74 1759.81 1417.84 1114.75 2706.22 826.628 568.968 3657.41 1854.5 590.645 3199.84 1408.57 616.145 2715.63 2231.38 1370.44 2070.53 3658.78 1643.17 345.244 1967.85 1584.35 1359.44 5033.43 3919.37 1358.35 0 2634.17 1171.32 255.91 4372.49 3739.14 1267.57 797.964 2445.27 991.477 839.812 3154.93 1527.28 414.968 3073.34 1432.19 916.968 2138.67 2430.1 1116.37 2537.16 3914.8 1324.1 1905.98 
1299.46 1312.6 1342.2 1409.64 1245.23 2586.15 4669.02 1220.02 1295.63 1451.82 1963.76 2814.33 1778.8 3462.71 3532.42 341.606 1658.08 4015.71 2498.79 2319.54 5578.33 1518.66 710.013 2494.91 1893.75 658.911 2472.59 2485.26 656.091 1849.57 3458.64 797.4 1118.28 4604.96 1642.71 2154.54 3376.01 3173.96 189.195 1956.86 3901.03 2082.29 2169.54 3730.87 2634.17 0 2278.98 3054.06 1676.89 3815.64 4506.25 1544.28 636.705 3263.69 4325.7 1460.98 3932.34 3392.64 264.165 2087.84 3781.27 1472.05 2575.63 4908.96 1240.58 1700.2 1269.05 1881.49 
1160 1186.55 1110.58 1122.77 943.64 1466.12 9176.79 2148.71 3175.72 2588.78 1143.24 2389.03 2221.26 1204.63 1866.34 2000.65 410.425 1964.87 3364.13 1513.05 2153.91 1788.86 1650.49 421.981 1741.43 2948.22 1135.73 1317.14 2959.4 236.565 1502.88 3332.98 810.583 1471.23 2771.07 2533.03 1358.48 1860.52 1843.03 276.947 2135.04 5288.02 2432.19 927.953 1171.32 2278.98 0 1088.33 4456.2 2552.54 2000.99 1772.31 1359.77 787.024 2392.63 3196.21 1671.78 1823.74 2583.84 355.916 2217.6 2884.74 1726.14 2262.37 3370.29 2981.17 1446.6 1789.13 
1475.72 1516.46 1414.74 1383.59 1252.13 1750.34 9808.23 2856.63 4261.92 4320.48 1515.33 1727.68 2743.02 1542.36 562.147 2341.36 1698.99 1155.66 2976.76 2139.37 1379.5 1743.09 2928.61 759.048 977.447 3866.95 1713.35 671.616 3465.63 1489.42 434.35 3398 2416.15 855.078 2390.52 3552.02 1560.59 375.71 2342.86 1490.81 1118.3 5558.85 3904.45 1022.55 255.91 3054.06 1088.33 0 4877.78 3527.07 1007.12 1228.28 2643.38 967.056 1149.4 3856.43 1738.88 803.024 3629.87 1521.7 860.748 2873.2 2846.82 1164.82 3334.12 4325 1877.13 2495.17 
2520.01 2493.56 2625.86 2679.56 3087.32 5881.75 2423.43 2025.24 2436.58 2554.26 3717.37 5653.77 4473.36 6032.11 6086.55 2193.87 3704.35 6444.35 5192.36 5115.83 8442.58 3208.73 2898.45 4584.2 3424.79 1151.01 2602.69 3945.07 2284.2 3677.49 6041.2 2175.31 3199.18 7414.82 1820.54 2343.71 4505.51 5075.71 1773.33 4110.54 6931.08 1730.89 1989.58 5200.87 4372.49 1676.89 4456.2 4877.78 0 3713.23 6155.03 2708.55 2505.99 5001.03 6724.21 4565.13 7360.83 5727.47 2204.29 4009.82 6243.04 4223.62 5768.17 7563.75 2827.1 4484.09 2737.85 3821.8 
3152.84 3123.47 3122.96 3129.73 3187.77 4857.87 8936.33 3638.78 4858.55 3094.5 2721.09 5760.4 6017.96 5337.18 5217.52 3978.67 2248.72 4980.53 6911.77 5871.55 6310.17 4438.2 3189.2 2778.56 3854.8 2997.91 1258.06 3272.05 4010.39 1939.64 4457.88 5311.07 2991.29 4886.01 3869.91 1246.45 1681.49 4178.79 3249.27 2163.73 5083.92 6194.66 892.382 1978.05 3739.14 3815.64 2552.54 3527.07 3713.23 0 3700.2 3507.07 2815.41 3454.75 5665.65 6771.72 6559.04 5325.81 4499.3 2099.01 5197.28 5920.62 6511.72 6331.54 5771.13 5243.61 4156.95 4925.02 
2542.89 2550.37 2433.35 2355.13 2104.88 3376.52 11777.2 4194.45 6508.46 6005.14 1936.39 3016.72 4688.49 1979.62 1511.18 3928.57 3056.61 1506.62 4442.34 3479.56 1584.66 3572.98 4683.04 1369.51 2201.42 5418.53 2152.27 1310.94 5110.1 2586.34 999.2 5370.89 3888.81 807.698 3989.08 4400.22 1335.56 1035.16 3747.47 2590.3 1831.08 8264.6 5009.25 931.154 1267.57 4506.25 2000.99 1007.12 6155.03 3700.2 0 2180.34 4191.93 1143.06 1548.56 5686.27 2477.3 2147.66 5658.52 2774.1 1314.6 4527.52 4339.12 1768.81 5126.36 6591.53 3412.64 4334.37 
1087.35 1120.62 1102.01 1055.58 1013.65 1980.26 6618.44 1988.81 2684.34 2637.77 1171.81 1442.47 2047.18 2322 1485.91 1011.29 1679.64 2538.44 1911.17 2328.34 2957.03 834.617 2113.48 1544.83 413.738 2192.53 2019.24 789.127 1711.72 1716.8 1785.17 1242.23 2107 2723.72 803.115 2851.49 2268.81 970.14 1086.58 1887.2 2001.09 3113.22 3179.87 2171.89 797.964 1544.28 1772.31 1228.28 2708.55 3507.07 2180.34 0 2022.62 2021.76 1797.44 2466.28 2593.68 1404.93 2034.47 1796.8 2149.77 1398.93 2967.78 2520.34 1479.93 3402 1204.1 1997.94 
1248.72 1245.8 1253.84 1329.46 1201.09 2135.55 6119.76 1105.95 1159.81 809.429 1722.57 3120.69 1754.02 2781.79 3448.99 914.271 866.763 3786.15 3283.8 1889.77 5052.13 1726.07 163.137 1837.04 2134.44 774.779 1865.12 2158.45 1008.02 979.901 3164.37 1738.34 334.116 3940.4 2062.97 1313.6 2812.32 3282.52 725.217 1061.03 3666.85 2745.48 1429.08 2978.92 2445.27 636.705 1359.77 2643.38 2505.99 2815.41 4191.93 2022.62 0 2657.16 4519.08 1806.95 3366.16 3369.62 734.919 1180.8 3748.17 2382.28 1950.77 4547.03 2218.67 1207.21 1255.38 1666.09 
1082.87 1097.06 1015.45 991.076 1094.99 3087.01 9698.58 2563.16 4822.36 4609.71 1187.44 2091.53 2562.83 689.188 1159.53 2858.58 1448.83 854.578 2973.73 1440.03 992.197 2306.66 3218.66 600.724 2190.82 4326.89 1427.84 1520.46 4486.07 1292.41 1072.1 4429.58 2175.12 1229.14 3706.71 3832.49 1267.77 1552.48 2719.93 1626.09 2609.21 6539.14 3651.82 918.605 991.477 3263.69 787.024 967.056 5001.03 3454.75 1143.06 2021.76 2657.16 0 1341.79 3605.74 1196.58 1394.59 3963.94 1288.1 1161.39 3093.08 2172.12 1051.82 3648.66 4396.86 1601.86 1982.3 
2001.67 2040.85 1929.37 1828.98 1734.34 3683.28 12075.2 4333.54 6245.12 6387.88 1963.38 1076.57 3072.99 1746.21 448.671 3324.12 2936.95 1121.14 2352.33 2395.16 946.829 2200.32 4765.41 1925.12 1690.36 6229.51 3399.24 1728.89 5421.32 2960.01 1092.43 4617.46 4127.25 1847.87 4333.74 6158.27 2258.67 1027.66 3604.52 3196.76 2488.76 7891.46 6237.1 2159.14 839.812 4325.7 2392.63 1149.4 6724.21 5665.65 1548.56 1797.44 4519.08 1341.79 0 4072.66 1798.74 553.805 5003.87 2813.19 874.804 2525.52 3410.82 863.626 3396.12 5708.41 2595.89 2832.29 
1910.3 1948.07 1940.84 1971.78 2035.27 3472.86 7222.61 2375.54 2602.63 3089.55 2567.43 2075.23 622.991 2931.01 3157.91 1279.23 2338.72 3730.1 1235.38 1335.86 4724.66 1788.49 1702.63 3247.02 2847.06 2843.78 4764.92 3444.12 2089.77 2972.27 3715.21 1769.66 2144.01 5345.82 3329.04 4859.79 5252.72 3848.4 1645.3 3402.88 4462.97 3484.58 4853.14 5421.95 3154.93 1460.98 3196.21 3856.43 4565.13 6771.72 5686.27 2466.28 1806.95 3605.74 4072.66 0 2690.63 3076.23 1402.31 2804.39 3610.79 760.467 1538.07 3835.42 1291.06 1421.39 1310.74 1565.83 
2146.13 2193.64 2061.91 2037.9 1903.78 2609.47 11810.6 3776.21 5003.58 5336.64 1956.74 1584.85 1981.23 330.961 1129.36 3092.92 2257.98 1551.48 2376.74 950.211 1132.76 2455.25 3586.5 1492.98 2489.59 5623.36 4044.57 2046.19 4605.22 2301.43 1448.56 4332.92 2756.11 1759.85 4366.5 5765.07 3573.33 2012.8 3454.15 2528.52 2222.86 7106.13 6295.72 3015.88 1527.28 3932.34 1671.78 1738.88 7360.83 6559.04 2477.3 2593.68 3366.16 1196.58 1798.74 2690.63 0 1463.13 4210.28 2209.8 1591.99 2618.1 1080.24 907.499 3631.53 4123.32 1945.85 2171.55 
1513.65 1567.58 1479.34 1417.39 1333.69 2595.94 10469 3634.14 4406.72 4864.23 1540.19 582.57 1876.02 1542.18 314.751 2340.18 2028.23 1329.4 1914.16 1689.25 1127.67 1079.31 3477.16 1390.51 1038.66 5015.09 3133.1 1538.23 4192.66 2124.48 940.046 3253.08 3055.76 1976.02 3214.69 5314.88 2462.56 846.613 2713.01 2406.99 2083.24 5961.21 5324.88 2310.07 414.968 3392.64 1823.74 803.024 5727.47 5325.81 2147.66 1404.93 3369.62 1394.59 553.805 3076.23 1463.13 0 3629.52 1938.01 955.793 1892 2422.87 814.657 2496.95 4265.89 1580 1873.67 
1567.9 1583.89 1622.77 1695.71 1521.82 2663.09 5402.17 1458.18 796.074 1184.86 2197.03 2875.66 1530.03 3850.04 3979.03 373.142 1667.17 4627.45 2606.01 2338.4 6105.17 1365.52 630.444 2811.58 2165.78 963.082 3128.87 2910.42 733.932 1974.65 4005.36 802.497 1184.48 5442.75 2013.7 2599.78 4081.55 3925.9 340.555 2157.93 4401.38 1858.17 2588.73 4562.61 3073.34 264.165 2583.84 3629.87 2204.29 4499.3 5658.52 2034.47 734.919 3963.94 5003.87 1402.31 4210.28 3629.52 0 2120.73 4419.01 1509 2414.2 5397.83 1265.93 1291.39 1320.35 1612.25 
1034.8 1059.33 1008.04 1020.34 983.099 1881.35 8667.62 2184.64 2544.02 1918.66 882.904 2157.37 1793.67 1840.43 2120.42 1648.14 91.4134 2134.76 2939.64 1675.65 2746.02 1346.88 1265 601.652 1687.21 2573.82 1246.29 1566.81 2538.79 103.38 1848.85 2887.51 845.011 2512.78 2601.61 2255.44 1425.32 2270.77 1622.46 369.14 2570.28 4472.09 1925.28 1378.31 1432.19 2087.84 355.916 1521.7 4009.82 2099.01 2774.1 1796.8 1180.8 1288.1 2813.19 2804.39 2209.8 1938.01 2120.73 0 2437.07 2441.12 1898.93 2691.51 2739.52 2243.64 1211.52 1427.6 
1778.15 1815.25 1697.24 1659.75 1517.88 3246.42 10814.4 3665.77 5455.71 5884.7 1707.62 1357.72 2762.46 1694.45 457.256 2893.25 2635.67 231.776 2122.85 2077.71 1111.43 2242.2 3897.66 1361.58 1793.93 5269.72 2998.26 1623.15 4648.08 2604.84 259.523 4169.79 3576.67 1382.14 3918.53 5437.79 2089.77 913.256 3133.26 2768.08 1690.12 6838.24 5485.66 1994.96 916.968 3781.27 2217.6 860.748 6243.04 5197.28 1314.6 2149.77 3748.17 1161.39 874.804 3610.79 1591.99 955.793 4419.01 2437.07 0 2649.43 2948.93 749.714 3106.77 4582.89 2120.84 2690.45 
1575.69 1634.81 1606.82 1587.68 1576.41 2944.33 7520.03 2766.2 2926.74 3383.96 1840.14 1067.48 874.169 2922.8 2107.79 857.04 2100.71 2860.61 615.253 1798.95 3773.91 1088.81 2169.82 2659.44 1739.05 3112.42 4127.12 2667.71 2097.99 2667 2755.53 1277.57 2597.76 4516.25 2693.17 4842.14 4056.43 2526.46 1288.47 3039.51 3338.26 3608.82 4727 4283.33 2138.67 1472.05 2884.74 2873.2 4223.62 5920.62 4527.52 1398.93 2382.28 3093.08 2525.52 760.467 2618.1 1892 1509 2441.12 2649.43 0 2274.76 3052.61 721.753 2199.75 1262.59 1578.67 
1722.11 1754.06 1693.11 1731.6 1656.68 2783.38 9304.11 2420.28 2912.91 3370.96 2295.55 2215.6 1117.75 1006.28 2468.52 2199.2 1645.82 2869.49 2354.77 314.998 3014.59 2002.24 2056.75 2131.55 2840.88 3987.62 4030.05 2668.66 3349.89 1933.86 2775.58 3192.81 1378.44 3403.23 3993.25 4948.96 4388.64 3476.66 2506.75 2195.48 3716.79 5025.53 5007.43 4239.07 2430.1 2575.63 1726.14 2846.82 5768.17 6511.72 4339.12 2967.78 1950.77 2172.12 3410.82 1538.07 1080.24 2422.87 2414.2 1898.93 2948.93 2274.76 0 2568.61 2720.27 2267 1289.32 1257.87 
2180.63 2225.94 2107.04 2026.11 2100.56 3794.79 12624.2 4281.43 6300.27 6768.61 2278.89 1512.09 2697.23 993.074 421.405 3853.27 2915.11 816.388 2549.9 1752.76 237.56 2562.63 4897.04 1669.64 2511.03 6692.32 3815.61 2104.99 5799.3 2944.81 909.564 5208.47 4020.75 1565.99 4767.98 6555.97 3192.25 1471.06 4148.86 3326.08 2501.39 7858.13 6719.38 2603.24 1116.37 4908.96 2262.37 1164.82 7563.75 6331.54 1768.81 2520.34 4547.03 1051.82 863.626 3835.42 907.499 814.657 5397.83 2691.51 749.714 3052.61 2568.61 0 4016.89 5524.67 2301.18 2563.55 
1262.1 1300.79 1325.41 1340.52 1424.39 3567.64 4944.47 2145.49 1823.05 2539.9 2100.82 1687.71 1391.26 3629.11 2785.65 681.217 2388.96 3372.44 777.093 2228.55 5043.27 842.035 1913.2 3097.18 1597.04 2275.66 3787.55 2811.55 1732.6 2906.42 3322.57 628.96 2490.12 5343.77 1888.73 4526.32 4273.64 3126.12 1265.08 3267.71 4193.23 1974.99 3961 4975.2 2537.16 1240.58 3370.29 3334.12 2827.1 5771.13 5126.36 1479.93 2218.67 3648.66 3396.12 1291.06 3631.53 2496.95 1265.93 2739.52 3106.77 721.753 2720.27 4016.89 0 1765.1 972.681 1337.9 
2126.86 2150.45 2141.28 2231.29 2140.03 3215.76 6922.37 2252.27 1448.02 1534.77 2846.61 3455.63 1802.59 4148.35 4356.65 1408.22 1807.53 4495.37 2368.04 2257.78 6495.21 2174.66 791.135 3252.56 3071.97 2131.28 4089.38 3625.4 1653.19 2357.8 4286.68 2021.45 1466.63 5797.19 3288.71 3786.8 4927.8 4916.26 1903.27 2507.24 4828.2 2826.34 3257.19 5479.23 3914.8 1700.2 2981.17 4325 4484.09 5243.61 6591.53 3402 1207.21 4396.86 5708.41 1421.39 4123.32 4265.89 1291.39 2243.64 4582.89 2199.75 2267 5524.67 1765.1 0 1686.27 1734.04 
377.538 395.774 405.344 430.881 639.578 2583.11 5523.29 1096.59 1560.09 2046.97 1093.36 1404.27 798.869 1627.92 1809.64 883.78 1026.52 2093.65 1290.04 840.868 2932.39 640.532 1389.21 1380.28 1322.69 2106.6 2099.13 1697.46 2055.04 1272.1 2051.95 1397.71 1166.41 3399.77 1753.53 3354.35 2854.64 2246.76 1095.44 1729.55 3213.91 2496.83 2802.38 2969.71 1324.1 1269.05 1446.6 1877.13 2737.85 4156.95 3412.64 1204.1 1255.38 1601.86 2595.89 1310.74 1945.85 1580 1320.35 1211.52 2120.84 1262.59 1289.32 2301.18 972.681 1686.27 0 456.854 
513.461 526.621 532.387 555.096 840.665 3356.85 7221.25 1372.55 1776.37 2446.42 1584.75 1608.17 813.033 1781.4 2088.2 1352.6 1219.42 2518.09 1468.85 770.255 3075.72 828.176 1774.47 1905.96 2033.01 3014.25 2671.38 2215.16 2798.89 1641.94 2748.75 2201.31 1522.86 4191.82 2943.86 4184.65 3387.36 3276.03 1691.53 2247.58 4386.35 3192.16 3469 3717.48 1905.98 1881.49 1789.13 2495.17 3821.8 4925.02 4334.37 1997.94 1666.09 1982.3 2832.29 1565.83 2171.55 1873.67 1612.25 1427.6 2690.45 1578.67 1257.87 2563.55 1337.9 1734.04 456.854 0 
